1.6245677 0.9619197 0.9322355 0.9161351 0.9533643 0.9741511 0.9868307 0.9345403 -0.0757474 0.4129659 0.4094286 0.4081099 0.1237350 0.4053716 0.4762475 -0.1200530 0.7082319 0.2095614 -0.1262224 -0.1223865 -0.1305553 -0.1196727 -0.1240186 -0.1027552 -0.0521462 -0.0900035 -0.1263393 -0.1120487 -0.0683346 -0.1321383 -0.1416060 -0.1258267 -0.1221767 -0.1377834 -0.1310721 -0.0510840 -0.1379301 -0.0992609 -0.0969055 -0.1234969 -0.1190636 -0.0882077 -0.0819610 -0.1087291 -0.1172503 -0.1130113 -0.1222331 -0.0631451 -0.1121506 -0.1020678 -0.1042195 -0.0758062 0.1429146 -0.0694240 -0.0259574 -0.0148660 -0.1175346 -0.0704322 -0.1213202 -0.1106383 -0.0928649 -0.0943334 -0.1182735 -0.1307569 -0.1248074 -0.1086632 -0.1109924 -0.1039063 -0.1395480 -0.1374502 -0.1239919 -0.1297869 -0.0854588 -0.1257649 -0.1279379 -0.0986857 -0.1234287 -0.1284917 -0.0903277 -0.1192509 -0.1086369 -0.0909775 -0.0971748 -0.1158568 -0.0776827 -0.1207106 -0.1200951 -0.1076074 -0.1291625 -0.1188616 -0.1251233 -0.1256614 -0.1347545 0.0051272 -0.0239876 -0.0303619 0.8757498 -0.0410599 -0.0689858 -0.0389167 -0.0282705 0.0650678 0.0053972 -0.0170753 -0.0155968 0.0735751 -0.0005426 -0.0412522 -0.0425228 -0.1332166
0.9619197 1.6357427 0.9225588 0.9061100 0.9615266 0.9705420 0.9957973 0.9429970 -0.0759938 0.4202298 0.4182039 0.4188381 0.1251933 0.4091810 0.4839100 -0.1201413 0.7210667 0.2127727 -0.1266858 -0.1227972 -0.1327385 -0.1190707 -0.1255484 -0.1040938 -0.0560795 -0.0896916 -0.1262835 -0.1125574 -0.0730083 -0.1304651 -0.1412800 -0.1250760 -0.1227274 -0.1365024 -0.1302537 -0.0550045 -0.1387917 -0.0995426 -0.0974510 -0.1243878 -0.1197867 -0.0903181 -0.0823863 -0.1083789 -0.1188560 -0.1124499 -0.1228975 -0.0633271 -0.1122838 -0.1019228 -0.1064560 -0.0754265 0.1451046 -0.0669756 -0.0242328 -0.0131039 -0.1170905 -0.0709004 -0.1215786 -0.1107882 -0.0932624 -0.0955465 -0.1204470 -0.1328808 -0.1247103 -0.1095372 -0.1101900 -0.1061966 -0.1410187 -0.1391250 -0.1260863 -0.1319906 -0.0851490 -0.1268137 -0.1287303 -0.0972749 -0.1249316 -0.1282981 -0.0896742 -0.1201041 -0.1081703 -0.0909303 -0.0965725 -0.1164614 -0.0776122 -0.1218858 -0.1218824 -0.1075004 -0.1294492 -0.1199341 -0.1254343 -0.1259308 -0.1358892 0.0053460 -0.0237981 -0.0289626 0.8844332 -0.0402279 -0.0699403 -0.0391478 -0.0251689 0.0668578 0.0056387 -0.0203613 -0.0184919 0.0707527 -0.0029086 -0.0453965 -0.0458865 -0.1339475
0.9322355 0.9225588 1.5996841 0.8806559 0.9255416 0.9377924 0.9558739 0.9137641 -0.0747306 0.4223478 0.4201451 0.4214266 0.1260491 0.4083367 0.4895114 -0.1180974 0.7215362 0.2170677 -0.1216326 -0.1183656 -0.1275785 -0.1177709 -0.1208912 -0.0984725 -0.0559687 -0.0835745 -0.1216291 -0.1074399 -0.0721097 -0.1241404 -0.1345003 -0.1189572 -0.1182127 -0.1228530 -0.1237785 -0.0550167 -0.1315040 -0.0956049 -0.0939870 -0.1199526 -0.1148832 -0.0865581 -0.0779796 -0.1032128 -0.1181083 -0.1052299 -0.1169329 -0.0589297 -0.1060589 -0.0989632 -0.1026550 -0.0701639 0.1475429 -0.0622746 -0.0175610 -0.0094732 -0.1157383 -0.0671589 -0.1204130 -0.1102531 -0.0906306 -0.0922343 -0.1186576 -0.1314388 -0.1240505 -0.1087353 -0.1090168 -0.1045217 -0.1406539 -0.1381079 -0.1243887 -0.1296479 -0.0836428 -0.1253797 -0.1275109 -0.0947913 -0.1233629 -0.1279621 -0.0875952 -0.1184082 -0.1062842 -0.0881907 -0.0958446 -0.1139897 -0.0752449 -0.1206190 -0.1206369 -0.1058997 -0.1282797 -0.1193622 -0.1248866 -0.1244269 -0.1353839 0.0064236 -0.0188158 -0.0243286 0.8698885 -0.0361544 -0.0649365 -0.0353467 -0.0222607 0.0706226 0.0101518 -0.0199865 -0.0176188 0.0692246 -0.0033752 -0.0443471 -0.0445557 -0.1300364
0.9161351 0.9061100 0.8806559 1.5807006 0.9210129 0.9351282 0.9416918 0.9000868 -0.0738832 0.4203251 0.4179890 0.4188569 0.1256730 0.4049227 0.4863331 -0.1165627 0.7146367 0.2166825 -0.1193321 -0.1157575 -0.1247962 -0.1162883 -0.1183544 -0.0959281 -0.0570903 -0.0814353 -0.1190453 -0.1051086 -0.0727876 -0.1213038 -0.1315529 -0.1161796 -0.1157038 -0.1186266 -0.1203089 -0.0560596 -0.1284369 -0.0936535 -0.0920148 -0.1176097 -0.1125721 -0.0853291 -0.0757624 -0.1009160 -0.1170985 -0.1020664 -0.1138154 -0.0571540 -0.1033775 -0.0967542 -0.1012595 -0.0680434 0.1468182 -0.0605273 -0.0160671 -0.0081481 -0.1143571 -0.0657291 -0.1192767 -0.1092250 -0.0894878 -0.0907131 -0.1176798 -0.1302031 -0.1228002 -0.1079456 -0.1079246 -0.1033859 -0.1394101 -0.1368954 -0.1234223 -0.1284207 -0.0823601 -0.1244620 -0.1266406 -0.0931933 -0.1223772 -0.1270983 -0.0862899 -0.1170376 -0.1051769 -0.0868182 -0.0945471 -0.1127698 -0.0740105 -0.1191777 -0.1195292 -0.1046118 -0.1271063 -0.1182904 -0.1239261 -0.1234582 -0.1342323 0.0066069 -0.0174564 -0.0230030 0.8592020 -0.0353564 -0.0634916 -0.0341087 -0.0208888 0.0706351 0.0109822 -0.0207663 -0.0185586 0.0673711 -0.0044641 -0.0449574 -0.0450764 -0.1274630
0.9533643 0.9615266 0.9255416 0.9210129 1.6426538 1.0068223 1.0155866 0.9595888 -0.0766465 0.4203629 0.4182220 0.4190644 0.1258814 0.4113654 0.4874679 -0.1205383 0.7242713 0.2146902 -0.1266607 -0.1236829 -0.1317833 -0.1204528 -0.1246486 -0.1028071 -0.0548366 -0.0880677 -0.1270558 -0.1130073 -0.0715836 -0.1312240 -0.1410176 -0.1256754 -0.1227800 -0.1344668 -0.1314365 -0.0540995 -0.1383799 -0.0997508 -0.0981984 -0.1243793 -0.1175905 -0.0898186 -0.0822562 -0.1082477 -0.1186145 -0.1127461 -0.1229123 -0.0630426 -0.1115533 -0.1026776 -0.1062119 -0.0753098 0.1448395 -0.0674507 -0.0233656 -0.0134216 -0.1185803 -0.0711143 -0.1219615 -0.1124818 -0.0933383 -0.0945170 -0.1202618 -0.1330381 -0.1263460 -0.1102646 -0.1110557 -0.1054662 -0.1417020 -0.1391301 -0.1262871 -0.1313659 -0.0867435 -0.1277099 -0.1305598 -0.0979358 -0.1255671 -0.1300324 -0.0904992 -0.1200817 -0.1082076 -0.0919397 -0.0978772 -0.1174560 -0.0777971 -0.1233664 -0.1235870 -0.1076932 -0.1307593 -0.1205801 -0.1259824 -0.1258434 -0.1365565 0.0055137 -0.0229663 -0.0284420 0.8847800 -0.0402235 -0.0689365 -0.0388532 -0.0257196 0.0676274 0.0064858 -0.0196853 -0.0170027 0.0719031 -0.0022665 -0.0445538 -0.0451952 -0.1346647
0.9741511 0.9705420 0.9377924 0.9351282 1.0068223 1.6746113 1.0205466 0.9457120 -0.0783238 0.4178114 0.4159340 0.4147106 0.1258046 0.4079002 0.4801908 -0.1213533 0.7196632 0.2114983 -0.1284833 -0.1246778 -0.1340868 -0.1197847 -0.1264794 -0.1050590 -0.0547310 -0.0905694 -0.1285623 -0.1145674 -0.0721943 -0.1333743 -0.1443760 -0.1275555 -0.1242578 -0.1407350 -0.1325081 -0.0538237 -0.1406886 -0.1004893 -0.0983865 -0.1251849 -0.1195814 -0.0908093 -0.0842902 -0.1098429 -0.1194290 -0.1158719 -0.1252086 -0.0636838 -0.1146277 -0.1034652 -0.1062741 -0.0774164 0.1416635 -0.0688572 -0.0265200 -0.0138123 -0.1178565 -0.0725562 -0.1233549 -0.1120255 -0.0938006 -0.0967388 -0.1210048 -0.1337243 -0.1256296 -0.1108299 -0.1116124 -0.1063979 -0.1410127 -0.1401671 -0.1267608 -0.1322506 -0.0861406 -0.1279668 -0.1289910 -0.0987405 -0.1256691 -0.1294892 -0.0912303 -0.1210106 -0.1089717 -0.0920893 -0.0985869 -0.1177203 -0.0783411 -0.1218830 -0.1220076 -0.1079097 -0.1298175 -0.1207415 -0.1269932 -0.1268859 -0.1370079 0.0050584 -0.0252286 -0.0312332 0.8858960 -0.0411845 -0.0695643 -0.0396960 -0.0261020 0.0652620 0.0049936 -0.0188513 -0.0172027 0.0720279 -0.0024102 -0.0448502 -0.0453413 -0.1366509
0.9868307 0.9957973 0.9558739 0.9416918 1.0155866 1.0205466 1.6640429 1.0164368 -0.0800889 0.4164363 0.4108903 0.4107581 0.1234700 0.4057103 0.4759186 -0.1227964 0.7142689 0.2064882 -0.1299379 -0.1246992 -0.1350833 -0.1211737 -0.1265911 -0.1071042 -0.0556616 -0.0918180 -0.1299809 -0.1162574 -0.0729066 -0.1339276 -0.1440290 -0.1290771 -0.1255577 -0.1436544 -0.1330476 -0.0551979 -0.1418602 -0.1030617 -0.0991700 -0.1253031 -0.1210892 -0.0918295 -0.0860361 -0.1119977 -0.1183096 -0.1177585 -0.1254582 -0.0661929 -0.1152087 -0.1049326 -0.1077723 -0.0792954 0.1409064 -0.0712382 -0.0281682 -0.0168233 -0.1192835 -0.0737422 -0.1247252 -0.1132171 -0.0964799 -0.0965666 -0.1210456 -0.1342941 -0.1256023 -0.1115502 -0.1123587 -0.1061787 -0.1415322 -0.1394814 -0.1267531 -0.1329722 -0.0871164 -0.1275551 -0.1297253 -0.0997375 -0.1251362 -0.1300727 -0.0915044 -0.1239613 -0.1095454 -0.0930299 -0.0988664 -0.1205571 -0.0794519 -0.1227084 -0.1234061 -0.1088386 -0.1299229 -0.1227222 -0.1273590 -0.1269439 -0.1373530 0.0045844 -0.0271801 -0.0327417 0.8860820 -0.0451576 -0.0720165 -0.0404595 -0.0288566 0.0631278 0.0035127 -0.0209332 -0.0185467 0.0713704 -0.0042199 -0.0466188 -0.0468455 -0.1356479
0.9345403 0.9429970 0.9137641 0.9000868 0.9595888 0.9457120 1.0164368 1.6133406 -0.0756974 0.4143785 0.4095765 0.4082515 0.1228796 0.4032138 0.4733888 -0.1195373 0.7062293 0.2090667 -0.1248816 -0.1205559 -0.1302751 -0.1200058 -0.1224284 -0.1025374 -0.0513166 -0.0875072 -0.1255361 -0.1120153 -0.0684654 -0.1295425 -0.1392563 -0.1244169 -0.1209803 -0.1361365 -0.1296924 -0.0507698 -0.1364198 -0.0976276 -0.0960841 -0.1208536 -0.1160364 -0.0876148 -0.0811425 -0.1070432 -0.1175433 -0.1115389 -0.1209182 -0.0623717 -0.1114414 -0.1007704 -0.1038275 -0.0749112 0.1409252 -0.0679040 -0.0244335 -0.0145103 -0.1180524 -0.0699661 -0.1214205 -0.1117873 -0.0932165 -0.0943978 -0.1183648 -0.1315837 -0.1238910 -0.1088921 -0.1097275 -0.1040896 -0.1397338 -0.1367124 -0.1240431 -0.1287600 -0.0861105 -0.1255654 -0.1282720 -0.0974213 -0.1236621 -0.1288122 -0.0901183 -0.1185848 -0.1073496 -0.0911605 -0.0969879 -0.1169593 -0.0778815 -0.1214895 -0.1221318 -0.1073869 -0.1285875 -0.1187441 -0.1244025 -0.1246299 -0.1349486 0.0050581 -0.0234058 -0.0297968 0.8713725 -0.0409015 -0.0677264 -0.0395096 -0.0267350 0.0650794 0.0052661 -0.0184185 -0.0154732 0.0734091 -0.0005507 -0.0424299 -0.0427419 -0.1318703
-0.0757474 -0.0759938 -0.0747306 -0.0738832 -0.0766465 -0.0783238 -0.0800889 -0.0756974 1.0531316 -0.1068339 -0.1076782 -0.1057062 -0.0939169 -0.0925155 -0.0521904 0.1090015 -0.0707412 -0.0969647 -0.1088407 -0.1068967 -0.1138864 0.1155015 -0.0966765 -0.0910469 -0.0692682 -0.0950608 -0.1128328 -0.0996870 -0.0703697 -0.1012656 -0.0997629 -0.0954732 -0.1055238 -0.1295590 -0.1215999 -0.0673004 -0.1204670 -0.0868097 -0.0766647 -0.0984571 -0.0888347 -0.0868700 -0.0798491 -0.0955646 0.0818001 -0.1090904 -0.1009074 -0.0688268 -0.1022953 -0.0084997 -0.0832201 -0.0562777 -0.0221483 -0.0117810 -0.0071715 -0.0238316 0.1153449 0.0564454 0.1092544 0.0865569 0.0893566 0.0870591 0.0456184 0.0745655 0.0863671 0.1060850 0.0485875 0.0721259 0.1050764 0.0900146 0.0938550 0.0669541 0.0547861 0.1062598 0.0861400 0.0687282 0.0884278 0.0791905 0.0614955 0.1259879 0.0828036 0.0665694 0.1021723 0.1229448 0.0674878 0.0986784 0.1175942 0.0753202 0.1361538 0.0752775 0.0964901 0.0726184 0.0900957 -0.0129621 -0.0105545 0.0126815 -0.0743641 0.0290104 0.0455195 0.0273894 0.0321176 -0.0174104 -0.0150167 -0.0592982 -0.0589295 -0.0625966 -0.0617755 -0.0619535 -0.0593682 -0.0980324
0.4129659 0.4202298 0.4223478 0.4203251 0.4203629 0.4178114 0.4164363 0.4143785 -0.1068339 1.0757712 0.4722943 0.4940213 0.1215167 0.2189087 0.2080664 -0.1359931 0.3172832 0.1342765 0.0833902 0.0651435 0.0740171 -0.1370830 0.0475844 0.0660994 -0.1030551 0.0798964 0.0550896 0.0622866 -0.1105271 0.0546268 0.0272293 0.0356865 0.0109425 0.2255558 0.1688295 -0.0999850 0.1265053 0.0391186 0.0172387 0.0115621 0.0345014 -0.0062803 0.0440942 0.0488122 -0.1444185 0.1315670 0.0726141 0.0155552 0.1039623 -0.0331223 0.0060265 0.0415535 0.0482934 -0.0305429 -0.0155949 -0.0197311 -0.1364520 -0.0918957 -0.1320361 -0.1387778 -0.1071789 -0.1108687 -0.1373965 -0.1499137 -0.1456214 -0.1372054 -0.1274223 -0.1349601 -0.1628903 -0.1512548 -0.1435495 -0.1407543 -0.1071803 -0.1434080 -0.1485085 -0.1056167 -0.1459955 -0.1468114 -0.1003875 -0.1315516 -0.1245783 -0.1110290 -0.1257122 -0.1237232 -0.1042545 -0.1404616 -0.1371026 -0.1322327 -0.1557896 -0.1448383 -0.1428466 -0.1386986 -0.1555343 0.0024013 -0.0290898 -0.0569697 0.3937658 -0.0703257 -0.0891423 -0.0595697 -0.0678391 0.0078292 -0.0100692 -0.0766848 -0.0778493 -0.0308711 -0.0683527 -0.0904376 -0.0906379 0.0296023
0.4094286 0.4182039 0.4201451 0.4179890 0.4182220 0.4159340 0.4108903 0.4095765 -0.1076782 0.4722943 1.0713964 0.4861490 0.1191923 0.2229816 0.2055830 -0.1325839 0.3165863 0.1486576 0.0794608 0.0594406 0.0771026 -0.1371600 0.0444772 0.0616128 -0.1038487 0.0649967 0.0664457 0.0640448 -0.1125282 0.0655161 0.0370535 0.0411761 0.0285361 0.2432486 0.1447050 -0.1010678 0.1088854 0.0483098 0.0236384 0.0212912 0.0261895 -0.0051672 0.0524308 0.0517270 -0.1412541 0.1244263 0.0753244 0.0138878 0.0698447 -0.0339205 0.0076548 0.0420131 0.0465328 -0.0330251 -0.0133401 -0.0190996 -0.1364040 -0.0929065 -0.1250720 -0.1364290 -0.1065443 -0.1155905 -0.1341381 -0.1521291 -0.1409866 -0.1346705 -0.1271937 -0.1366051 -0.1574679 -0.1493491 -0.1439610 -0.1432729 -0.1062969 -0.1464658 -0.1464954 -0.1112968 -0.1457328 -0.1413085 -0.1047581 -0.1292909 -0.1261956 -0.1098593 -0.1240307 -0.1221233 -0.1047635 -0.1382431 -0.1374564 -0.1285387 -0.1516034 -0.1411083 -0.1454290 -0.1368324 -0.1550035 0.0030133 -0.0248062 -0.0593101 0.3976879 -0.0681737 -0.0901483 -0.0630459 -0.0671239 0.0080993 -0.0085243 -0.0778542 -0.0780769 -0.0311894 -0.0703574 -0.0917068 -0.0931663 0.0274843
0.4081099 0.4188381 0.4214266 0.4188569 0.4190644 0.4147106 0.4107581 0.4082515 -0.1057062 0.4940213 0.4861490 1.0646385 0.1189335 0.2171767 0.2046282 -0.1294657 0.3158982 0.1280483 0.0698995 0.0625415 0.0625798 -0.1326982 0.0479982 0.0607999 -0.1037274 0.0811046 0.0508922 0.0566717 -0.1111736 0.0404201 0.0186917 0.0330202 0.0255051 0.2009327 0.1462079 -0.1000747 0.1019605 0.0282628 0.0300509 0.0239319 0.0403683 -0.0008410 0.0345776 0.0445602 -0.1395595 0.1061162 0.0682098 0.0144185 0.0746296 -0.0318291 0.0058926 0.0373953 0.0499054 -0.0347154 -0.0135336 -0.0164925 -0.1317230 -0.0896378 -0.1248312 -0.1325655 -0.1027639 -0.1065430 -0.1309129 -0.1432693 -0.1395826 -0.1347754 -0.1239331 -0.1293577 -0.1550361 -0.1474585 -0.1387285 -0.1356435 -0.1050038 -0.1412597 -0.1410051 -0.1016372 -0.1443650 -0.1377535 -0.0975852 -0.1248679 -0.1217436 -0.1079107 -0.1186532 -0.1200894 -0.1012535 -0.1359648 -0.1345434 -0.1257600 -0.1488592 -0.1408621 -0.1412441 -0.1360431 -0.1497170 0.0026092 -0.0270745 -0.0568504 0.3933783 -0.0659897 -0.0880434 -0.0582887 -0.0638993 0.0077741 -0.0045924 -0.0761763 -0.0775062 -0.0326806 -0.0682684 -0.0902583 -0.0903004 0.0118118
0.1237350 0.1251933 0.1260491 0.1256730 0.1258814 0.1258046 0.1234700 0.1228796 -0.0939169 0.1215167 0.1191923 0.1189335 1.0571131 0.1403440 0.0680907 -0.1141158 0.1045162 0.1417588 0.1004225 0.1092257 0.1267290 -0.1180055 0.0701725 0.0859518 -0.0980340 0.0796160 0.1668793 0.0995227 -0.0990989 0.1556890 0.1084869 0.1678735 0.1360752 0.1590684 0.1537862 -0.0954445 0.1323647 0.0785105 0.0911046 0.1101485 0.0864930 0.0407166 0.0897713 0.1218762 -0.1261666 0.1272060 0.1321155 0.0692174 0.1175895 0.0675965 0.0626039 0.0727080 0.0065186 0.0330050 -0.0036444 0.0028298 -0.1173789 -0.0725156 -0.1079217 -0.1142118 -0.0933572 -0.0953060 -0.1212659 -0.1264624 -0.1180778 -0.1154375 -0.0996592 -0.1129311 -0.1268506 -0.1222419 -0.1208271 -0.1185291 -0.0896157 -0.1132531 -0.1186132 -0.0781015 -0.1206541 -0.1193152 -0.0857684 -0.1048324 -0.1046122 -0.0864400 -0.1038497 -0.1030677 -0.0779755 -0.1172744 -0.1217056 -0.1099338 -0.1212303 -0.1166137 -0.1212619 -0.1070293 -0.1319131 0.0049938 -0.0125683 -0.0485886 0.1321143 -0.0530547 -0.0633514 -0.0558939 -0.0514290 -0.0057813 0.0121292 -0.0760830 -0.0794233 -0.0653511 -0.0756297 -0.0850895 -0.0873962 0.1252763
0.4053716 0.4091810 0.4083367 0.4049227 0.4113654 0.4079002 0.4057103 0.4032138 -0.0925155 0.2189087 0.2229816 0.2171767 0.1403440 1.0706650 0.2092935 -0.1210676 0.3229981 0.4027945 0.0425790 0.0277511 0.0175945 -0.1290600 0.0229776 0.0096035 -0.0823919 0.0522337 0.0232196 0.0473810 -0.0921587 0.1094977 0.1558212 0.1041459 0.1137294 0.0303059 0.0022254 -0.0803277 0.0239251 0.0216473 0.0014149 0.0406367 0.0308988 -0.0362636 0.0095151 0.0474512 -0.1261410 0.0358643 0.0515065 0.0167289 0.0289746 -0.0085734 -0.0294277 0.0268040 0.0583280 -0.0303204 -0.0156083 -0.0151100 -0.1282553 -0.0761401 -0.1250563 -0.1203771 -0.0997311 -0.0931872 -0.1182669 -0.1352330 -0.1306783 -0.1197559 -0.1117796 -0.1133342 -0.1457861 -0.1396808 -0.1302061 -0.1307120 -0.1022200 -0.1291586 -0.1328824 -0.0969783 -0.1260863 -0.1314451 -0.0901702 -0.1116932 -0.1144609 -0.0999190 -0.1054687 -0.1111860 -0.0858425 -0.1267016 -0.1260471 -0.1148412 -0.1386095 -0.1261617 -0.1321401 -0.1281022 -0.1428006 0.0028833 -0.0181180 -0.0384823 0.4043203 -0.0537923 -0.0730668 -0.0495585 -0.0462029 0.0225139 0.0010225 -0.0604779 -0.0632056 -0.0172538 -0.0526802 -0.0740372 -0.0749584 0.0741798
0.4762475 0.4839100 0.4895114 0.4863331 0.4874679 0.4801908 0.4759186 0.4733888 -0.0521904 0.2080664 0.2055830 0.2046282 0.0680907 0.2092935 1.1208570 -0.0772973 0.6109715 0.1022481 -0.0657160 -0.0574430 -0.0526983 -0.0803007 -0.0536081 -0.0384748 -0.0402858 -0.0286252 -0.0488952 -0.0414121 -0.0482894 -0.0558220 -0.0611984 -0.0600566 -0.0557248 -0.0650558 -0.0636424 -0.0408156 -0.0581769 -0.0375689 -0.0364596 -0.0505409 -0.0541032 -0.0486362 -0.0304979 -0.0481594 -0.0931591 -0.0442284 -0.0595925 -0.0193846 -0.0401589 -0.0483281 -0.0523946 -0.0303544 0.0820234 0.0055709 0.0416511 0.0171286 -0.0791218 -0.0459782 -0.0824950 -0.0809906 -0.0613751 -0.0648170 -0.0821147 -0.0879607 -0.0904782 -0.0843903 -0.0774376 -0.0808309 -0.1012506 -0.0974319 -0.0908921 -0.0913076 -0.0625235 -0.0933227 -0.0948000 -0.0633802 -0.0901733 -0.0910166 -0.0521458 -0.0849652 -0.0805839 -0.0670481 -0.0682685 -0.0735819 -0.0562244 -0.0903082 -0.0921138 -0.0767239 -0.0944990 -0.0846723 -0.0890411 -0.0791038 -0.0985276 0.0078314 0.0129691 -0.0082832 0.4526757 -0.0283757 -0.0389338 -0.0231495 -0.0169201 0.0438054 0.0142637 -0.0177086 -0.0171517 0.0273629 -0.0099698 -0.0315105 -0.0296826 -0.0586654
-0.1200530 -0.1201413 -0.1180974 -0.1165627 -0.1205383 -0.1213533 -0.1227964 -0.1195373 0.1090015 -0.1359931 -0.1325839 -0.1294657 -0.1141158 -0.1210676 -0.0772973 1.0479616 -0.0996455 -0.1195191 -0.1238098 -0.1149130 -0.1290473 0.1766423 -0.1146705 -0.1047563 -0.0941734 -0.1122053 -0.1164171 -0.1111161 -0.0925344 -0.1133270 -0.1156148 -0.1131243 -0.1136870 -0.1397053 -0.1366464 -0.0945424 -0.1377679 -0.1014094 -0.0929298 -0.1014590 -0.1043752 -0.1062095 -0.0926857 -0.1086659 0.1026306 -0.1263908 -0.1208081 -0.0767593 -0.1126020 -0.0389091 -0.0935988 -0.0649268 -0.0406618 0.0015532 -0.0288640 -0.0351268 0.1763795 0.0749460 0.2122170 0.1024595 0.1214945 0.0942190 0.0734864 0.1017103 0.1063622 0.1384332 0.1009696 0.0981094 0.1114636 0.0920767 0.1178090 0.0969615 0.0903506 0.1237908 0.1489509 0.0543437 0.1314366 0.1105127 0.0572247 0.1866787 0.1055255 0.0949429 0.1111360 0.1638310 0.0752508 0.1147342 0.1393327 0.0840217 0.1772555 0.0828596 0.1233476 0.0937844 0.1195320 -0.0160540 -0.0318510 0.0056106 -0.1155694 0.0261813 0.0438578 0.0407323 0.0286338 -0.0307954 -0.0294392 -0.0816195 -0.0816166 -0.0864250 -0.0841926 -0.0797431 -0.0807785 -0.1148433
0.7082319 0.7210667 0.7215362 0.7146367 0.7242713 0.7196632 0.7142689 0.7062293 -0.0707412 0.3172832 0.3165863 0.3158982 0.1045162 0.3229981 0.6109715 -0.0996455 1.3639257 0.1705799 -0.0999080 -0.0927083 -0.0897275 -0.0980250 -0.0912515 -0.0794084 -0.0527590 -0.0657244 -0.0931244 -0.0905295 -0.0613802 -0.0984597 -0.1046616 -0.0954531 -0.0961572 -0.1089862 -0.1038053 -0.0521211 -0.0976706 -0.0714558 -0.0649735 -0.0878290 -0.0870456 -0.0698726 -0.0582002 -0.0853871 -0.1079705 -0.0845932 -0.0929653 -0.0416413 -0.0850423 -0.0813378 -0.0857278 -0.0555101 0.1135579 -0.0372421 0.0012048 -0.0020153 -0.0962541 -0.0620332 -0.1066050 -0.1021126 -0.0801789 -0.0818732 -0.1037893 -0.1113169 -0.1084353 -0.0993830 -0.0970632 -0.0929690 -0.1221383 -0.1194313 -0.1105733 -0.1114944 -0.0789796 -0.1099204 -0.1131788 -0.0858715 -0.1056431 -0.1146079 -0.0767371 -0.1059102 -0.0944978 -0.0796367 -0.0845391 -0.0955686 -0.0662515 -0.1118282 -0.1081366 -0.0933959 -0.1129177 -0.1034590 -0.1092205 -0.1052339 -0.1176193 0.0045896 -0.0127030 -0.0205883 0.7006093 -0.0354364 -0.0544528 -0.0345748 -0.0253728 0.0552156 0.0059946 -0.0211691 -0.0182913 0.0502349 -0.0094147 -0.0402302 -0.0393085 -0.1018658
0.2095614 0.2127727 0.2170677 0.2166825 0.2146902 0.2114983 0.2064882 0.2090667 -0.0969647 0.1342765 0.1486576 0.1280483 0.1417588 0.4027945 0.1022481 -0.1195191 0.1705799 1.1306556 0.1122250 0.0680945 0.0709718 -0.1333320 0.0829402 0.0695090 -0.0932446 0.1252194 0.0767195 0.1056099 -0.0975163 0.1461190 0.2192577 0.1840973 0.1687458 0.1249010 0.0629342 -0.0934716 0.0978620 0.0686677 0.0352968 0.0961828 0.1029953 -0.0076313 0.0361774 0.1229893 -0.1378874 0.0908000 0.0886663 0.0532294 0.0918102 0.0178967 -0.0146360 0.0635722 0.0221162 -0.0071841 -0.0093389 -0.0044150 -0.1328707 -0.0776345 -0.1162839 -0.1213997 -0.1015721 -0.0922115 -0.1248397 -0.1361167 -0.1268620 -0.1232693 -0.1010553 -0.1202544 -0.1353538 -0.1376228 -0.1331026 -0.1276776 -0.0932207 -0.1231783 -0.1280923 -0.1024696 -0.1306180 -0.1313646 -0.0861389 -0.1013893 -0.1213608 -0.0956953 -0.1053084 -0.1007647 -0.0895725 -0.1308848 -0.1360773 -0.1205133 -0.1329709 -0.1188020 -0.1311086 -0.1242141 -0.1420746 0.0038681 -0.0151987 -0.0413264 0.2141393 -0.0504117 -0.0738929 -0.0544122 -0.0611902 -0.0006698 -0.0032096 -0.0758950 -0.0758334 -0.0488680 -0.0695482 -0.0842944 -0.0849337 0.1711175
-0.1262224 -0.1266858 -0.1216326 -0.1193321 -0.1266607 -0.1284833 -0.1299379 -0.1248816 -0.1088407 0.0833902 0.0794608 0.0698995 0.1004225 0.0425790 -0.0657160 -0.1238098 -0.0999080 0.1122250 1.1051232 0.2360379 0.3038479 -0.1319302 0.2501483 0.1769483 -0.1179748 0.2602778 0.2430245 0.2412730 -0.1151044 0.1930266 0.2069186 0.1709165 0.1992181 0.3213302 0.3232660 -0.1158855 0.2912960 0.2087361 0.1711181 0.1821654 0.2108913 0.0658243 0.1089832 0.1630010 -0.1440591 0.2146171 0.2186757 0.1096637 0.2009017 0.0615691 0.1164004 0.1326770 -0.0294913 0.0087218 0.0075642 0.0053530 -0.1316340 -0.0806163 -0.1132491 -0.1257543 -0.1071898 -0.0985812 -0.1212902 -0.1340735 -0.1340641 -0.1388907 -0.1075007 -0.1263058 -0.1438009 -0.1360622 -0.1356605 -0.1209758 -0.1092776 -0.1320509 -0.1287657 -0.0914414 -0.1381115 -0.1243671 -0.0791697 -0.1088006 -0.1195081 -0.1086150 -0.1161652 -0.1046901 -0.0967699 -0.1354256 -0.1342909 -0.1197638 -0.1471905 -0.1263601 -0.1339695 -0.1246803 -0.1463591 0.0091546 0.0059369 -0.0498658 -0.1192431 -0.0596045 -0.0722518 -0.0515183 -0.0684220 -0.0199111 0.0001209 -0.1017376 -0.1050539 -0.1064485 -0.1018131 -0.1001712 -0.1010697 0.2168085
-0.1223865 -0.1227972 -0.1183656 -0.1157575 -0.1236829 -0.1246778 -0.1246992 -0.1205559 -0.1068967 0.0651435 0.0594406 0.0625415 0.1092257 0.0277511 -0.0574430 -0.1149130 -0.0927083 0.0680945 0.2360379 1.1046060 0.2552912 -0.1245907 0.2136380 0.2054759 -0.1048254 0.1907766 0.2741605 0.1783133 -0.1046257 0.1597460 0.1581676 0.1531375 0.1817334 0.2768223 0.2939540 -0.1044252 0.2033255 0.2435634 0.1621611 0.1716879 0.1692839 0.0725858 0.1554360 0.1537463 -0.1291888 0.2358565 0.2333674 0.1186902 0.1873337 0.0665345 0.0960358 0.1247628 -0.0182957 0.0236997 0.0084062 0.0128393 -0.1248704 -0.0741363 -0.1112633 -0.1172250 -0.0964385 -0.0996545 -0.1174991 -0.1270925 -0.1182370 -0.1212948 -0.0896568 -0.1227249 -0.1372601 -0.1270447 -0.1278859 -0.1114006 -0.1005642 -0.1160396 -0.1190535 -0.0802260 -0.1303563 -0.1118281 -0.0650763 -0.1068522 -0.1084066 -0.1018826 -0.1053665 -0.1016743 -0.0936360 -0.1246937 -0.1270911 -0.1084374 -0.1359626 -0.1261408 -0.1156558 -0.1101300 -0.1408992 0.0066366 0.0047467 -0.0465449 -0.1172101 -0.0568329 -0.0620279 -0.0527420 -0.0652120 -0.0146248 0.0072811 -0.0885083 -0.0941321 -0.0949575 -0.0944139 -0.0886392 -0.0900729 0.1439784
-0.1305553 -0.1327385 -0.1275785 -0.1247962 -0.1317833 -0.1340868 -0.1350833 -0.1302751 -0.1138864 0.0740171 0.0771026 0.0625798 0.1267290 0.0175945 -0.0526983 -0.1290473 -0.0897275 0.0709718 0.3038479 0.2552912 1.1069328 -0.1310870 0.2070598 0.2347921 -0.1140380 0.2544205 0.3084343 0.1900210 -0.1122610 0.2055216 0.1819954 0.1685437 0.2032154 0.3003913 0.2707883 -0.1125044 0.3836969 0.2297296 0.2504187 0.1792978 0.1736425 0.0716667 0.1362210 0.1816044 -0.1440421 0.2167679 0.2275599 0.1217404 0.2162813 0.0627874 0.1047924 0.1395185 -0.0317600 0.0251172 0.0137636 0.0170318 -0.1313117 -0.0826811 -0.1206880 -0.1300691 -0.1009380 -0.1083681 -0.1286070 -0.1435368 -0.1360176 -0.1408676 -0.1045943 -0.1338948 -0.1474476 -0.1366265 -0.1379654 -0.1247955 -0.1115120 -0.1304265 -0.1342634 -0.0915282 -0.1359814 -0.1311997 -0.0812121 -0.1146690 -0.1173022 -0.1138608 -0.1212446 -0.1101057 -0.1006294 -0.1395839 -0.1376793 -0.1318497 -0.1506678 -0.1314881 -0.1390525 -0.1240495 -0.1525899 0.0057763 0.0018661 -0.0501025 -0.1244918 -0.0679969 -0.0741713 -0.0661655 -0.0719557 -0.0247399 0.0110536 -0.0972176 -0.1022623 -0.1042772 -0.0995270 -0.1006475 -0.1007318 0.1971085
-0.1196727 -0.1190707 -0.1177709 -0.1162883 -0.1204528 -0.1197847 -0.1211737 -0.1200058 0.1155015 -0.1370830 -0.1371600 -0.1326982 -0.1180055 -0.1290600 -0.0803007 0.1766423 -0.0980250 -0.1333320 -0.1319302 -0.1245907 -0.1310870 1.0414016 -0.1234029 -0.1140319 -0.1137863 -0.1205749 -0.1269267 -0.1210402 -0.1133258 -0.1299006 -0.1259349 -0.1256582 -0.1280240 -0.1446566 -0.1421153 -0.1125190 -0.1455582 -0.1128787 -0.0971413 -0.1163905 -0.1208514 -0.1212689 -0.1009537 -0.1187806 0.1049694 -0.1353280 -0.1283865 -0.0858382 -0.1247751 -0.0383150 -0.1087902 -0.0711591 -0.0452990 -0.0010512 -0.0313460 -0.0399171 0.6457972 0.0687845 0.1675914 0.1238268 0.1457270 0.0708560 0.1099779 0.1204538 0.0935965 0.1265048 0.0799195 0.1006137 0.1308959 0.1042723 0.1084434 0.1051681 0.0965522 0.1014172 0.1328500 0.0773845 0.1096407 0.1093123 0.0450839 0.1319062 0.0905868 0.0978298 0.1130823 0.1799511 0.0770679 0.1202343 0.1403699 0.1016414 0.1599468 0.0952640 0.1340825 0.0862931 0.1472898 -0.0204315 -0.0414969 -0.0041042 -0.1156682 0.0222462 0.0414650 0.0208330 0.0674519 -0.0357678 -0.0332061 -0.0979843 -0.0990146 -0.1031979 -0.0980173 -0.0994748 -0.0971818 -0.1249324
-0.1240186 -0.1255484 -0.1208912 -0.1183544 -0.1246486 -0.1264794 -0.1265911 -0.1224284 -0.0966765 0.0475844 0.0444772 0.0479982 0.0701725 0.0229776 -0.0536081 -0.1146705 -0.0912515 0.0829402 0.2501483 0.2136380 0.2070598 -0.1234029 1.0630871 0.1951637 -0.0974964 0.1855287 0.1824534 0.1887303 -0.0976149 0.1673354 0.1712524 0.1267365 0.1698182 0.2332848 0.2808556 -0.0994675 0.2179904 0.1823474 0.1389783 0.2121610 0.3220876 0.0712216 0.1923266 0.1851471 -0.1253392 0.2156156 0.1691814 0.1053874 0.1710510 0.0825253 0.1043112 0.1222257 -0.0182926 0.0191682 0.0147385 0.0119784 -0.1235744 -0.0731625 -0.1061145 -0.1136925 -0.0922193 -0.0868966 -0.1057869 -0.1283573 -0.1193418 -0.1214688 -0.0890106 -0.1212967 -0.1314389 -0.1213675 -0.1289872 -0.1083095 -0.1007072 -0.1166003 -0.1198031 -0.0824850 -0.1241839 -0.1131249 -0.0628339 -0.1036271 -0.1022938 -0.1021372 -0.1008231 -0.0952751 -0.0875645 -0.1264258 -0.1255018 -0.1050414 -0.1424202 -0.1144058 -0.1240132 -0.1098412 -0.1312499 0.0072299 0.0163852 -0.0457120 -0.1186345 -0.0517416 -0.0662334 -0.0503200 -0.0672153 -0.0110999 0.0051222 -0.0831273 -0.0877987 -0.0902325 -0.0861680 -0.0859705 -0.0819644 0.1819406
-0.1027552 -0.1040938 -0.0984725 -0.0959281 -0.1028071 -0.1050590 -0.1071042 -0.1025374 -0.0910469 0.0660994 0.0616128 0.0607999 0.0859518 0.0096035 -0.0384748 -0.1047563 -0.0794084 0.0695090 0.1769483 0.2054759 0.2347921 -0.1140319 0.1951637 1.1046900 -0.0854242 0.1675997 0.2134599 0.1563503 -0.0848683 0.1405720 0.1286532 0.1147964 0.1536628 0.2033500 0.2589514 -0.0843924 0.2374575 0.1799435 0.1355844 0.1415869 0.1310296 0.0567468 0.1326615 0.1873288 -0.1280925 0.2034471 0.1797309 0.1435091 0.1872921 0.0604212 0.0856866 0.1166274 -0.0207736 0.0169036 0.0315444 0.0199469 -0.1144657 -0.0633624 -0.0976203 -0.1077734 -0.0872720 -0.0847767 -0.1067131 -0.1204474 -0.1178511 -0.1148330 -0.0907284 -0.1117393 -0.1280280 -0.1198181 -0.1199516 -0.1088631 -0.0853108 -0.1175430 -0.1152167 -0.0781906 -0.1227651 -0.1140140 -0.0722589 -0.0929476 -0.1024604 -0.0965598 -0.0985961 -0.0865616 -0.0776266 -0.1193101 -0.1209346 -0.1085354 -0.1311264 -0.1113957 -0.1096602 -0.0962392 -0.1247539 0.0069199 0.0211164 -0.0330147 -0.0976819 -0.0497293 -0.0583180 -0.0496242 -0.0540169 -0.0094924 0.0118845 -0.0690693 -0.0735293 -0.0775976 -0.0729504 -0.0725451 -0.0714098 0.1306178
-0.0521462 -0.0560795 -0.0559687 -0.0570903 -0.0548366 -0.0547310 -0.0556616 -0.0513166 -0.0692682 -0.1030551 -0.1038487 -0.1037274 -0.0980340 -0.0823919 -0.0402858 -0.0941734 -0.0527590 -0.0932446 -0.1179748 -0.1048254 -0.1140380 -0.1137863 -0.0974964 -0.0854242 1.6346533 -0.1004304 -0.1098335 -0.1087844 1.1583935 -0.1219617 -0.1283814 -0.1115331 -0.1079119 -0.1380115 -0.1276786 1.1453112 -0.1182128 -0.0851850 -0.0786192 -0.1061989 -0.0973820 0.4440515 -0.0676651 -0.0987881 -0.1021757 -0.1038295 -0.1019491 -0.0475955 -0.1003507 -0.0783458 0.2310225 -0.0605330 0.0037621 -0.0581988 -0.0012627 -0.0077520 -0.1139933 -0.0436937 -0.1019146 -0.0918604 -0.0821904 -0.0809834 -0.1052565 -0.1138936 -0.1079891 -0.1082666 -0.0789648 -0.1030079 -0.1240889 -0.1159276 -0.1092308 -0.1067869 -0.0743115 -0.1032073 -0.1063316 -0.0772740 -0.1063860 -0.0964940 -0.0739708 -0.0947426 -0.0925520 -0.0869274 -0.0821356 -0.0934403 -0.0624829 -0.1100417 -0.1089724 -0.0861708 -0.1161466 -0.0973033 -0.1056120 -0.1065297 -0.1163494 0.0222063 0.0057269 -0.0219646 -0.0463538 -0.0108548 -0.0400611 -0.0173765 -0.0370692 0.0135703 0.0055215 0.8014565 0.8128864 0.7287930 0.8004180 0.8172512 0.8208337 -0.1129045
-0.0900035 -0.0896916 -0.0835745 -0.0814353 -0.0880677 -0.0905694 -0.0918180 -0.0875072 -0.0950608 0.0798964 0.0649967 0.0811046 0.0796160 0.0522337 -0.0286252 -0.1122053 -0.0657244 0.1252194 0.2602778 0.1907766 0.2544205 -0.1205749 0.1855287 0.1675997 -0.1004304 1.0720601 0.2088007 0.3137281 -0.1012443 0.1719866 0.2149181 0.1917052 0.1609238 0.2511352 0.1919234 -0.1000303 0.2364087 0.1486470 0.1470642 0.1676119 0.1800923 0.0543731 0.0735395 0.1367173 -0.1298770 0.1783688 0.1806019 0.0571145 0.1561082 0.0474259 0.0726791 0.1138128 -0.0189345 0.0133821 0.0171590 0.0096087 -0.1208260 -0.0696564 -0.1066346 -0.1145882 -0.0895208 -0.0862676 -0.1120538 -0.1264563 -0.1192684 -0.1241959 -0.0926601 -0.1180843 -0.1285539 -0.1278911 -0.1215471 -0.1134594 -0.0901616 -0.1169258 -0.1217434 -0.0806988 -0.1265105 -0.1072556 -0.0753618 -0.0973702 -0.1104675 -0.0939197 -0.1002361 -0.0958468 -0.0872145 -0.1246547 -0.1234050 -0.1137641 -0.1327365 -0.1181615 -0.1222407 -0.1170995 -0.1322800 0.0099792 0.0082385 -0.0429423 -0.0854295 -0.0565623 -0.0665355 -0.0489645 -0.0586508 -0.0140445 0.0084560 -0.0853315 -0.0902941 -0.0896675 -0.0895208 -0.0865289 -0.0875587 0.1699893
-0.1263393 -0.1262835 -0.1216291 -0.1190453 -0.1270558 -0.1285623 -0.1299809 -0.1255361 -0.1128328 0.0550896 0.0664457 0.0508922 0.1668793 0.0232196 -0.0488952 -0.1164171 -0.0931244 0.0767195 0.2430245 0.2741605 0.3084343 -0.1269267 0.1824534 0.2134599 -0.1098335 0.2088007 1.0615040 0.2023464 -0.1087935 0.1983357 0.1753311 0.1982353 0.2209628 0.2507398 0.2529669 -0.1108989 0.2080419 0.2436172 0.2011606 0.1689575 0.1542959 0.0513426 0.1917198 0.2006699 -0.1376770 0.2328815 0.1936618 0.1370503 0.2464903 0.0882178 0.0980702 0.1316124 -0.0271885 0.0475512 0.0047421 0.0104675 -0.1269249 -0.0789828 -0.1114594 -0.1200577 -0.0992245 -0.1006414 -0.1288144 -0.1368937 -0.1335472 -0.1281739 -0.1023410 -0.1307736 -0.1430248 -0.1362261 -0.1337913 -0.1249664 -0.1094896 -0.1265658 -0.1272410 -0.0888776 -0.1389839 -0.1166363 -0.0780406 -0.1081719 -0.1148324 -0.1046217 -0.1049461 -0.1049563 -0.0930304 -0.1335776 -0.1351223 -0.1227686 -0.1404008 -0.1266612 -0.1296761 -0.1178327 -0.1458310 0.0075358 0.0044420 -0.0519550 -0.1192279 -0.0580513 -0.0700572 -0.0592463 -0.0685563 -0.0204674 0.0008930 -0.0961445 -0.0999150 -0.1013160 -0.1013940 -0.0961492 -0.0981099 0.1975876
-0.1120487 -0.1125574 -0.1074399 -0.1051086 -0.1130073 -0.1145674 -0.1162574 -0.1120153 -0.0996870 0.0622866 0.0640448 0.0566717 0.0995227 0.0473810 -0.0414121 -0.1111161 -0.0905295 0.1056099 0.2412730 0.1783133 0.1900210 -0.1210402 0.1887303 0.1563503 -0.1087844 0.3137281 0.2023464 1.1250230 -0.1075989 0.1933908 0.2259106 0.2021673 0.2368351 0.2260031 0.2350545 -0.1098852 0.2308676 0.1739336 0.1521319 0.1802581 0.1567765 0.0666124 0.1413470 0.1633606 -0.1279947 0.1833165 0.1651209 0.0860182 0.1855597 0.0663141 0.0657379 0.1190842 -0.0259393 0.0343795 0.0083677 0.0093048 -0.1210314 -0.0685528 -0.1120454 -0.1193911 -0.0855804 -0.0957136 -0.1227615 -0.1220241 -0.1211287 -0.1222612 -0.0941853 -0.1226002 -0.1355094 -0.1288725 -0.1259612 -0.1057176 -0.0927731 -0.1208674 -0.1202659 -0.0794618 -0.1312446 -0.1181720 -0.0698485 -0.0954594 -0.1041062 -0.0987979 -0.1054556 -0.0902986 -0.0931605 -0.1268095 -0.1209081 -0.1101098 -0.1307961 -0.1124667 -0.1257613 -0.1143273 -0.1401939 0.0104141 0.0179090 -0.0438320 -0.1039697 -0.0617059 -0.0639506 -0.0512525 -0.0683083 -0.0233556 -0.0000107 -0.0922540 -0.0976292 -0.0957283 -0.0974434 -0.0924821 -0.0927204 0.2177515
-0.0683346 -0.0730083 -0.0721097 -0.0727876 -0.0715836 -0.0721943 -0.0729066 -0.0684654 -0.0703697 -0.1105271 -0.1125282 -0.1111736 -0.0990989 -0.0921587 -0.0482894 -0.0925344 -0.0613802 -0.0975163 -0.1151044 -0.1046257 -0.1122610 -0.1133258 -0.0976149 -0.0848683 1.1583935 -0.1012443 -0.1087935 -0.1075989 1.6383922 -0.1201406 -0.1275778 -0.1110550 -0.1074740 -0.1349250 -0.1232473 1.1645563 -0.1154675 -0.0829378 -0.0784361 -0.1063749 -0.0981325 0.4514867 -0.0679397 -0.0974885 -0.0998876 -0.1027049 -0.0983496 -0.0481632 -0.0985281 -0.0768413 0.2425439 -0.0595877 0.0033761 -0.0561800 0.0021270 -0.0067596 -0.1136837 -0.0409959 -0.0985328 -0.0923684 -0.0814246 -0.0804142 -0.1057721 -0.1147177 -0.1048063 -0.1081468 -0.0776272 -0.1003883 -0.1226983 -0.1152709 -0.1084920 -0.1073091 -0.0746305 -0.1044647 -0.1055620 -0.0795517 -0.1062002 -0.0935265 -0.0733344 -0.0915852 -0.0940152 -0.0855844 -0.0844970 -0.0895244 -0.0612057 -0.1092720 -0.1076908 -0.0862584 -0.1142526 -0.0973078 -0.1066769 -0.1033207 -0.1171516 0.0230070 0.0079193 -0.0242422 -0.0628855 -0.0105855 -0.0372109 -0.0154076 -0.0405541 0.0140505 0.0058071 0.7887688 0.8258953 0.7351045 0.8106926 0.8208910 0.8255584 -0.1127750
-0.1321383 -0.1304651 -0.1241404 -0.1213038 -0.1312240 -0.1333743 -0.1339276 -0.1295425 -0.1012656 0.0546268 0.0655161 0.0404201 0.1556890 0.1094977 -0.0558220 -0.1133270 -0.0984597 0.1461190 0.1930266 0.1597460 0.2055216 -0.1299006 0.1673354 0.1405720 -0.1219617 0.1719866 0.1983357 0.1933908 -0.1201406 1.1364446 0.4513271 0.3197284 0.3484239 0.2138617 0.1979628 -0.1196115 0.2582178 0.1525508 0.1278390 0.2033174 0.1843635 0.0206805 0.1199726 0.2223462 -0.1357625 0.2028309 0.1939297 0.1019200 0.1746273 0.1052656 0.0892786 0.1293771 -0.0309942 0.0092430 -0.0007194 0.0108165 -0.1301139 -0.0771619 -0.1079132 -0.1215828 -0.0940242 -0.0956352 -0.1228646 -0.1340407 -0.1259159 -0.1271316 -0.1040162 -0.1253123 -0.1431362 -0.1381589 -0.1248627 -0.1202177 -0.0956445 -0.1265855 -0.1272129 -0.0839323 -0.1348082 -0.1167225 -0.0813710 -0.1014314 -0.1092725 -0.0976840 -0.1074934 -0.1067135 -0.0915024 -0.1317976 -0.1327309 -0.1151791 -0.1359437 -0.1326251 -0.1334014 -0.1267326 -0.1472063 0.0057195 -0.0034171 -0.0448475 -0.1248102 -0.0675602 -0.0726885 -0.0593379 -0.0695692 -0.0205888 0.0011452 -0.1031390 -0.1101878 -0.1107981 -0.1086132 -0.1067455 -0.1074787 0.3031305
-0.1416060 -0.1412800 -0.1345003 -0.1315529 -0.1410176 -0.1443760 -0.1440290 -0.1392563 -0.0997629 0.0272293 0.0370535 0.0186917 0.1084869 0.1558212 -0.0611984 -0.1156148 -0.1046616 0.2192577 0.2069186 0.1581676 0.1819954 -0.1259349 0.1712524 0.1286532 -0.1283814 0.2149181 0.1753311 0.2259106 -0.1275778 0.4513271 1.1922175 0.3413469 0.3012578 0.1933872 0.1641248 -0.1281782 0.2528417 0.1291877 0.1395552 0.2538406 0.2083109 0.0210831 0.0980970 0.2306982 -0.1326499 0.1785520 0.2186363 0.0811524 0.1787539 0.0802351 0.0623297 0.1311373 -0.0407999 0.0145883 -0.0047349 0.0063105 -0.1263294 -0.0764263 -0.1004509 -0.1242623 -0.0865997 -0.0893856 -0.1142887 -0.1302919 -0.1214596 -0.1269630 -0.1076468 -0.1252275 -0.1375882 -0.1429326 -0.1192291 -0.1148224 -0.0922517 -0.1211472 -0.1267027 -0.0845006 -0.1304342 -0.1171939 -0.0795361 -0.0910779 -0.1105904 -0.1002026 -0.1032351 -0.1018474 -0.0954135 -0.1292844 -0.1284513 -0.1182769 -0.1374541 -0.1320077 -0.1326315 -0.1254074 -0.1424002 0.0031225 -0.0004524 -0.0386201 -0.1358634 -0.0689073 -0.0714046 -0.0613680 -0.0693715 -0.0294173 -0.0051597 -0.1117970 -0.1180697 -0.1200957 -0.1176759 -0.1114796 -0.1127619 0.3795855
-0.1258267 -0.1250760 -0.1189572 -0.1161796 -0.1256754 -0.1275555 -0.1290771 -0.1244169 -0.0954732 0.0356865 0.0411761 0.0330202 0.1678735 0.1041459 -0.0600566 -0.1131243 -0.0954531 0.1840973 0.1709165 0.1531375 0.1685437 -0.1256582 0.1267365 0.1147964 -0.1115331 0.1917052 0.1982353 0.2021673 -0.1110550 0.3197284 0.3413469 1.1171392 0.2767193 0.1828847 0.1646031 -0.1117881 0.2252095 0.1682926 0.1182632 0.2311081 0.2048332 0.0080162 0.1140366 0.2178613 -0.1337776 0.1573915 0.1994067 0.1039962 0.2072800 0.0659284 0.0814717 0.1238424 -0.0258840 0.0455507 0.0001013 0.0193541 -0.1258475 -0.0732369 -0.1039970 -0.1163905 -0.0898270 -0.0934414 -0.1140823 -0.1234084 -0.1195329 -0.1211029 -0.1017850 -0.1171053 -0.1290006 -0.1289845 -0.1271730 -0.1158617 -0.0935719 -0.1200172 -0.1151487 -0.0816876 -0.1308617 -0.1156755 -0.0797727 -0.0937085 -0.1090673 -0.1010815 -0.0986006 -0.0973803 -0.0824609 -0.1268349 -0.1314295 -0.1170219 -0.1353433 -0.1184057 -0.1295358 -0.1169242 -0.1377281 0.0083156 0.0096086 -0.0424435 -0.1211661 -0.0547681 -0.0643548 -0.0514234 -0.0621679 -0.0243476 0.0109481 -0.0956899 -0.1000897 -0.1025786 -0.1028364 -0.0959080 -0.0974219 0.3202168
-0.1221767 -0.1227274 -0.1182127 -0.1157038 -0.1227800 -0.1242578 -0.1255577 -0.1209803 -0.1055238 0.0109425 0.0285361 0.0255051 0.1360752 0.1137294 -0.0557248 -0.1136870 -0.0961572 0.1687458 0.1992181 0.1817334 0.2032154 -0.1280240 0.1698182 0.1536628 -0.1079119 0.1609238 0.2209628 0.2368351 -0.1074740 0.3484239 0.3012578 0.2767193 1.0973461 0.1912177 0.2128757 -0.1084197 0.2295964 0.1482813 0.1349567 0.2343721 0.1754251 0.0374152 0.1421214 0.1981824 -0.1384262 0.2168089 0.1968539 0.1115723 0.1811765 0.0910192 0.0662438 0.1266465 -0.0268676 0.0211000 0.0117661 0.0172309 -0.1277772 -0.0700726 -0.1125284 -0.1190550 -0.0908045 -0.1030947 -0.1252883 -0.1280359 -0.1280153 -0.1309664 -0.1032711 -0.1300541 -0.1412012 -0.1303479 -0.1316370 -0.1224152 -0.0974170 -0.1232939 -0.1260415 -0.0851883 -0.1335631 -0.1230398 -0.0795503 -0.1093290 -0.1168104 -0.0985096 -0.1044096 -0.1038686 -0.0887739 -0.1290352 -0.1283920 -0.1197643 -0.1396692 -0.1273995 -0.1315096 -0.1219721 -0.1435985 0.0078996 0.0050940 -0.0434055 -0.1170420 -0.0623929 -0.0633466 -0.0560724 -0.0627473 -0.0190588 0.0070321 -0.0939749 -0.0991431 -0.1005547 -0.1002375 -0.0938156 -0.0946036 0.3083865
-0.1377834 -0.1365024 -0.1228530 -0.1186266 -0.1344668 -0.1407350 -0.1436544 -0.1361365 -0.1295590 0.2255558 0.2432486 0.2009327 0.1590684 0.0303059 -0.0650558 -0.1397053 -0.1089862 0.1249010 0.3213302 0.2768223 0.3003913 -0.1446566 0.2332848 0.2033500 -0.1380115 0.2511352 0.2507398 0.2260031 -0.1349250 0.2138617 0.1933872 0.1828847 0.1912177 1.2300009 0.4486745 -0.1336671 0.3766170 0.1785778 0.1675228 0.1721532 0.2106888 0.0927202 0.1486581 0.1839363 -0.1610488 0.3253976 0.2593621 0.0758549 0.2792482 0.0599965 0.1419325 0.1525483 -0.0460498 0.0227992 0.0073314 -0.0124831 -0.1445254 -0.0937096 -0.1304331 -0.1474208 -0.1165975 -0.1145453 -0.1421935 -0.1599115 -0.1514029 -0.1590957 -0.1215155 -0.1530323 -0.1618536 -0.1541015 -0.1555508 -0.1427893 -0.1166327 -0.1488873 -0.1528888 -0.0964728 -0.1568041 -0.1491132 -0.0948221 -0.1283446 -0.1304752 -0.1145601 -0.1339892 -0.1192699 -0.1185108 -0.1509165 -0.1537554 -0.1375204 -0.1610376 -0.1519583 -0.1479888 -0.1327662 -0.1633248 0.0005593 -0.0148938 -0.0640119 -0.1403944 -0.0799122 -0.0915820 -0.0725138 -0.0890492 -0.0384371 -0.0134590 -0.1184100 -0.1234827 -0.1250568 -0.1228828 -0.1206744 -0.1218414 0.2087963
