1.6153761 1.0148985 0.9737929 0.9614509 1.0074441 1.0265285 1.0391325 0.9889669 -0.0464961 0.4492588 0.4466754 0.4444163 0.1535370 0.4462799 0.5171895 -0.0980374 0.7570385 0.2468728 -0.0860868 -0.0914503 -0.0962973 -0.0953597 -0.0881343 -0.0789002 -0.0163808 -0.0503004 -0.0976852 -0.0783200 -0.0326210 -0.0921256 -0.0960666 -0.0675427 -0.0867728 -0.0814921 -0.0626491 -0.0989064 -0.0977026 -0.0149403 -0.1036215 -0.0654066 -0.0659393 -0.0820847 -0.0780184 -0.0793100 -0.0752550 -0.0558369 -0.0488269 -0.0770553 -0.0848627 -0.0548863 -0.0551728 -0.1056529 -0.0484906 -0.0719935 -0.0812519 -0.0805322 -0.0942805 -0.0836285 -0.0720087 -0.0978889 -0.0903486 -0.0903573 -0.0882320 -0.0343739 -0.0746712 -0.0490434 -0.0850186 -0.1035980 -0.0790628 -0.0858641 -0.0571726 -0.0701617 -0.1053957 -0.0857360 -0.0740995 -0.0749644 -0.0724159 -0.0692240 -0.0594257 -0.0573671 -0.0697444 0.1786059 -0.0375713 -0.0249081 0.0097585 0.0198365 -0.0927810 -0.0816092 -0.0980822 0.0445716 -0.0931898 -0.0420424 -0.0952320 -0.0757275 -0.0846900 -0.0696292 -0.0624708 -0.0789717 -0.0955527 -0.0909718 -0.0421315 -0.1021052 -0.0756875 -0.0750934 -0.0890513 -0.0858015 -0.0712117 -0.1057828 -0.1046547 -0.0994440 -0.0856749 -0.1050003 -0.0988676 -0.0921989 -0.0778822 -0.0597107 -0.0939818 -0.0968606 -0.0779636 -0.0788376 -0.0904111 -0.0985661 -0.0644315 -0.0552575 -0.0921636 -0.1038098 -0.0775951 -0.0803302 -0.0746456 -0.0671300 -0.0871198 -0.0471413 -0.0941977 -0.0935144 -0.0755861 -0.1001976 -0.0802369 -0.0928324 -0.0885489 -0.0981442 0.0394117 0.0103128 -0.0044736 0.0074619 0.9297098 -0.0105439 -0.0398464 -0.0074027 -0.0011249 0.1018730 0.0405002 -0.0070770 0.1831733 -0.0149110 -0.0136014 0.0109654 -0.0194532 0.0140929 0.1070655 0.0316045 -0.0132846 0.0347337 -0.0053109 -0.0136678 -0.0903825
1.0148985 1.6255593 0.9807500 0.9678329 1.0155394 1.0235595 1.0471375 0.9969698 -0.0465956 0.4567556 0.4557639 0.4553132 0.1554464 0.4504611 0.5249949 -0.0980482 0.7692356 0.2506983 -0.0858376 -0.0914470 -0.0979446 -0.0945926 -0.0891186 -0.0800998 -0.0202372 -0.0493414 -0.0973347 -0.0784974 -0.0371951 -0.0898895 -0.0951962 -0.0683056 -0.0856629 -0.0814395 -0.0635286 -0.0968359 -0.0964043 -0.0188284 -0.1039153 -0.0652601 -0.0661687 -0.0823504 -0.0780742 -0.0801147 -0.0742551 -0.0577646 -0.0488049 -0.0764816 -0.0855089 -0.0543795 -0.0544846 -0.1056256 -0.0478721 -0.0714953 -0.0793576 -0.0820215 -0.0936624 -0.0827929 -0.0727194 -0.0988339 -0.0896468 -0.0905844 -0.0888936 -0.0342579 -0.0750600 -0.0499758 -0.0843486 -0.1040853 -0.0791420 -0.0858210 -0.0568463 -0.0691119 -0.1042470 -0.0844103 -0.0737441 -0.0771152 -0.0729252 -0.0692578 -0.0594696 -0.0566060 -0.0692472 0.1813738 -0.0349481 -0.0235650 0.0118638 0.0219601 -0.0937994 -0.0823247 -0.0992097 0.0458990 -0.0926120 -0.0422557 -0.0953026 -0.0773982 -0.0847110 -0.0695253 -0.0634036 -0.0809957 -0.0976527 -0.0907255 -0.0421584 -0.1038039 -0.0764633 -0.0740645 -0.0901805 -0.0872682 -0.0733443 -0.1075358 -0.1062374 -0.1010555 -0.0866033 -0.1061508 -0.1010567 -0.0942340 -0.0771746 -0.0590710 -0.0948593 -0.0976460 -0.0764324 -0.0796741 -0.0917114 -0.0983354 -0.0652958 -0.0543545 -0.0928799 -0.1028372 -0.0774217 -0.0797686 -0.0744900 -0.0664355 -0.0874829 -0.0467658 -0.0953647 -0.0954082 -0.0753729 -0.1002937 -0.0812122 -0.0930268 -0.0886710 -0.0992191 0.0401864 0.0106980 -0.0026586 0.0081750 0.9375197 -0.0093002 -0.0403076 -0.0072366 0.0024032 0.1039882 0.0412069 -0.0095533 0.1802104 -0.0178241 -0.0170667 0.0073393 -0.0238611 0.0110594 0.1042993 0.0289968 -0.0176418 0.0322150 -0.0087980 -0.0172324 -0.0906509
0.9737929 0.9807500 1.5987819 0.9330007 0.9843992 0.9941378 1.0104442 0.9710653 -0.0478642 0.4611367 0.4600123 0.4602623 0.1558720 0.4511936 0.5313848 -0.0992504 0.7703447 0.2560490 -0.0806965 -0.0878694 -0.0932567 -0.0973319 -0.0847964 -0.0760861 -0.0209546 -0.0434119 -0.0939461 -0.0741581 -0.0371405 -0.0845173 -0.0892673 -0.0624624 -0.0807931 -0.0776832 -0.0610100 -0.0829846 -0.0904152 -0.0194996 -0.0969153 -0.0622949 -0.0638753 -0.0784438 -0.0735411 -0.0757986 -0.0694050 -0.0548436 -0.0455162 -0.0725901 -0.0853554 -0.0560879 -0.0551384 -0.1077340 -0.0464421 -0.0712292 -0.0819546 -0.0805387 -0.0886551 -0.0766442 -0.0705057 -0.0953790 -0.0864419 -0.0856399 -0.0849966 -0.0316839 -0.0715940 -0.0474431 -0.0818497 -0.0988591 -0.0738228 -0.0807754 -0.0525709 -0.0648649 -0.0995736 -0.0807256 -0.0728667 -0.0745029 -0.0695809 -0.0656321 -0.0564796 -0.0520736 -0.0635346 0.1831825 -0.0322977 -0.0215976 0.0167702 0.0238789 -0.0920211 -0.0828074 -0.0976541 0.0476618 -0.0952710 -0.0413697 -0.0971472 -0.0779016 -0.0863085 -0.0700639 -0.0614980 -0.0787766 -0.0961208 -0.0909703 -0.0425581 -0.1034068 -0.0769524 -0.0736581 -0.0875936 -0.0854963 -0.0713244 -0.1069306 -0.1057104 -0.0995405 -0.0887383 -0.1063167 -0.1004446 -0.0920427 -0.0793771 -0.0594540 -0.0949803 -0.0980637 -0.0778277 -0.0791715 -0.0912378 -0.0993537 -0.0645865 -0.0533250 -0.0944517 -0.1047464 -0.0773102 -0.0805330 -0.0756231 -0.0681078 -0.0881133 -0.0469021 -0.0956911 -0.0955703 -0.0750623 -0.1012946 -0.0804701 -0.0940833 -0.0876215 -0.0989107 0.0397324 0.0140826 -0.0014595 0.0082614 0.9243408 -0.0075757 -0.0380544 -0.0055295 0.0020793 0.1066808 0.0441564 -0.0095156 0.1773059 -0.0175662 -0.0170205 0.0068862 -0.0239997 0.0112014 0.1031036 0.0278739 -0.0176594 0.0309923 -0.0089353 -0.0169718 -0.0874278
0.9614509 0.9678329 0.9330007 1.5854940 0.9676479 0.9793330 0.9997976 0.9606286 -0.0480311 0.4613920 0.4601428 0.4599759 0.1555704 0.4484798 0.5297130 -0.0988645 0.7657412 0.2555636 -0.0784992 -0.0852973 -0.0904917 -0.0970463 -0.0825533 -0.0736382 -0.0225938 -0.0416852 -0.0917777 -0.0725050 -0.0384054 -0.0830905 -0.0880506 -0.0601508 -0.0795272 -0.0764290 -0.0591052 -0.0783321 -0.0864607 -0.0210192 -0.0939794 -0.0606743 -0.0623203 -0.0770357 -0.0718925 -0.0735731 -0.0672576 -0.0538482 -0.0436568 -0.0711651 -0.0849878 -0.0556846 -0.0548701 -0.1074845 -0.0464193 -0.0706886 -0.0817534 -0.0805000 -0.0854039 -0.0733182 -0.0686596 -0.0926767 -0.0849042 -0.0827767 -0.0828752 -0.0304168 -0.0701250 -0.0465862 -0.0803311 -0.0965215 -0.0715595 -0.0784934 -0.0509005 -0.0627646 -0.0969687 -0.0792388 -0.0715784 -0.0734444 -0.0678143 -0.0644631 -0.0547608 -0.0498588 -0.0612430 0.1824643 -0.0313975 -0.0211058 0.0177326 0.0246145 -0.0919721 -0.0826383 -0.0973207 0.0474142 -0.0950582 -0.0409782 -0.0971591 -0.0779715 -0.0863915 -0.0699221 -0.0610010 -0.0787643 -0.0959422 -0.0907436 -0.0421967 -0.1035854 -0.0772246 -0.0735637 -0.0871141 -0.0853125 -0.0711245 -0.1067416 -0.1055493 -0.0992506 -0.0883945 -0.1064417 -0.1005482 -0.0919015 -0.0789978 -0.0590850 -0.0951851 -0.0982968 -0.0774456 -0.0791485 -0.0913128 -0.0995282 -0.0647089 -0.0529012 -0.0943022 -0.1043998 -0.0771161 -0.0805908 -0.0754734 -0.0679429 -0.0880465 -0.0466699 -0.0953377 -0.0955003 -0.0748035 -0.1013375 -0.0803919 -0.0941615 -0.0876282 -0.0987584 0.0394696 0.0147827 -0.0010886 0.0079914 0.9163881 -0.0076056 -0.0376361 -0.0050964 0.0024972 0.1063862 0.0444865 -0.0105113 0.1745284 -0.0185713 -0.0180393 0.0056023 -0.0250536 0.0098286 0.1011944 0.0264040 -0.0189713 0.0295593 -0.0100400 -0.0181170 -0.0862455
1.0074441 1.0155394 0.9843992 0.9676479 1.6332576 1.0417688 1.0495833 0.9975355 -0.0474860 0.4572859 0.4561818 0.4559807 0.1562420 0.4534718 0.5285766 -0.0989262 0.7723709 0.2533431 -0.0855943 -0.0923024 -0.0969060 -0.0966677 -0.0880168 -0.0789852 -0.0190686 -0.0472882 -0.0980670 -0.0786419 -0.0358847 -0.0902094 -0.0943039 -0.0672889 -0.0858278 -0.0810926 -0.0627648 -0.0947687 -0.0976848 -0.0179177 -0.1033046 -0.0654657 -0.0669392 -0.0820241 -0.0755718 -0.0794799 -0.0735894 -0.0572690 -0.0486834 -0.0761313 -0.0863836 -0.0553477 -0.0551193 -0.1067154 -0.0478699 -0.0718230 -0.0810365 -0.0807308 -0.0945785 -0.0831189 -0.0719959 -0.0993339 -0.0898256 -0.0905163 -0.0888419 -0.0341195 -0.0748137 -0.0494859 -0.0844476 -0.1040377 -0.0781879 -0.0850272 -0.0560792 -0.0691347 -0.1055234 -0.0852603 -0.0746127 -0.0769614 -0.0724609 -0.0688799 -0.0604907 -0.0566749 -0.0688646 0.1809916 -0.0354745 -0.0236727 0.0125008 0.0214012 -0.0930597 -0.0833604 -0.0991240 0.0462857 -0.0947172 -0.0429278 -0.0961183 -0.0778802 -0.0864698 -0.0702181 -0.0623226 -0.0800323 -0.0970598 -0.0920795 -0.0432432 -0.1045886 -0.0769531 -0.0745454 -0.0900065 -0.0861982 -0.0717256 -0.1072883 -0.1060747 -0.1001458 -0.0878663 -0.1063365 -0.1008843 -0.0930467 -0.0796182 -0.0606495 -0.0956731 -0.0994315 -0.0777409 -0.0801965 -0.0921512 -0.0998757 -0.0650367 -0.0549751 -0.0933344 -0.1047491 -0.0786570 -0.0800331 -0.0760939 -0.0679043 -0.0888833 -0.0473221 -0.0967137 -0.0968630 -0.0753678 -0.1016193 -0.0810863 -0.0934822 -0.0881136 -0.0992550 0.0401162 0.0114584 -0.0028946 0.0079564 0.9381135 -0.0095864 -0.0398105 -0.0072194 0.0012172 0.1045144 0.0418532 -0.0095861 0.1811001 -0.0177312 -0.0162005 0.0079789 -0.0230754 0.0124820 0.1055633 0.0296002 -0.0168861 0.0326399 -0.0081567 -0.0166494 -0.0908097
1.0265285 1.0235595 0.9941378 0.9793330 1.0417688 1.6602464 1.0706913 0.9994202 -0.0483551 0.4543629 0.4535328 0.4515867 0.1560500 0.4491008 0.5212901 -0.0986349 0.7683641 0.2490149 -0.0875055 -0.0929357 -0.0989629 -0.0946698 -0.0897843 -0.0804718 -0.0185546 -0.0499749 -0.0990897 -0.0800953 -0.0360701 -0.0925767 -0.0981330 -0.0692367 -0.0878016 -0.0828435 -0.0638373 -0.1009085 -0.0981725 -0.0172308 -0.1055225 -0.0658062 -0.0667248 -0.0830199 -0.0776858 -0.0806591 -0.0767313 -0.0577782 -0.0502919 -0.0775252 -0.0853039 -0.0550793 -0.0552162 -0.1058806 -0.0491634 -0.0720431 -0.0804973 -0.0822988 -0.0957538 -0.0856290 -0.0716840 -0.1002075 -0.0908593 -0.0924649 -0.0899862 -0.0342613 -0.0774669 -0.0504605 -0.0851237 -0.1048731 -0.0803982 -0.0876222 -0.0576028 -0.0701017 -0.1066960 -0.0862571 -0.0747894 -0.0763491 -0.0735793 -0.0700074 -0.0598714 -0.0582495 -0.0710982 0.1781328 -0.0363677 -0.0242804 0.0099420 0.0213928 -0.0948130 -0.0831689 -0.0999986 0.0446915 -0.0927228 -0.0432489 -0.0965539 -0.0768819 -0.0853837 -0.0697571 -0.0642334 -0.0813428 -0.0981571 -0.0912412 -0.0428182 -0.1029579 -0.0773165 -0.0750794 -0.0906816 -0.0867684 -0.0731511 -0.1070891 -0.1060053 -0.1017039 -0.0858354 -0.1062449 -0.1012417 -0.0941421 -0.0785532 -0.0596799 -0.0955077 -0.0974193 -0.0772536 -0.0797591 -0.0921393 -0.0990847 -0.0652983 -0.0555252 -0.0932089 -0.1039269 -0.0781311 -0.0800108 -0.0750553 -0.0678986 -0.0881209 -0.0470381 -0.0949031 -0.0950280 -0.0753500 -0.1002128 -0.0817050 -0.0941194 -0.0892197 -0.0998847 0.0402310 0.0097137 -0.0046547 0.0077948 0.9396673 -0.0098314 -0.0396197 -0.0074768 0.0021548 0.1026715 0.0409696 -0.0086321 0.1826749 -0.0170724 -0.0162883 0.0092492 -0.0231800 0.0126764 0.1060189 0.0298314 -0.0165752 0.0332095 -0.0078026 -0.0161758 -0.0932110
1.0391325 1.0471375 1.0104442 0.9997976 1.0495833 1.0706913 1.6499028 1.0506539 -0.0494463 0.4528394 0.4484302 0.4476097 0.1540779 0.4468687 0.5175333 -0.0989246 0.7639589 0.2439889 -0.0890073 -0.0923217 -0.0996399 -0.0947987 -0.0896970 -0.0816551 -0.0190030 -0.0510173 -0.0999670 -0.0815157 -0.0362430 -0.0930394 -0.0978728 -0.0704166 -0.0892193 -0.0841218 -0.0653768 -0.1038255 -0.0982615 -0.0182053 -0.1066176 -0.0679172 -0.0668521 -0.0832400 -0.0791493 -0.0810538 -0.0763677 -0.0582624 -0.0515990 -0.0791104 -0.0856115 -0.0556571 -0.0555286 -0.1064987 -0.0483457 -0.0723809 -0.0817084 -0.0811115 -0.0959276 -0.0869893 -0.0726825 -0.1007866 -0.0932943 -0.0923345 -0.0902952 -0.0360271 -0.0777149 -0.0520732 -0.0865230 -0.1065729 -0.0803592 -0.0875292 -0.0576591 -0.0706805 -0.1069509 -0.0870669 -0.0755871 -0.0771375 -0.0744675 -0.0706427 -0.0600856 -0.0597131 -0.0726419 0.1775884 -0.0379087 -0.0259971 0.0087380 0.0190428 -0.0948189 -0.0837871 -0.1003186 0.0428368 -0.0928142 -0.0436657 -0.0969948 -0.0764352 -0.0858530 -0.0715517 -0.0636186 -0.0812428 -0.0985492 -0.0908613 -0.0428445 -0.1036948 -0.0776279 -0.0754672 -0.0914748 -0.0877099 -0.0728610 -0.1074161 -0.1063738 -0.1010859 -0.0871411 -0.1069637 -0.1006939 -0.0946069 -0.0785051 -0.0601122 -0.0947396 -0.0974676 -0.0769133 -0.0805680 -0.0912516 -0.0991857 -0.0662225 -0.0552728 -0.0950970 -0.1038222 -0.0791790 -0.0796979 -0.0746896 -0.0673698 -0.0899966 -0.0473150 -0.0949248 -0.0957169 -0.0756769 -0.0995776 -0.0835567 -0.0938608 -0.0890598 -0.1000721 0.0400509 0.0084287 -0.0050200 0.0073202 0.9407668 -0.0130483 -0.0414554 -0.0076045 0.0000484 0.1008527 0.0398157 -0.0101033 0.1830028 -0.0186726 -0.0167491 0.0078398 -0.0237057 0.0118246 0.1056033 0.0285364 -0.0176386 0.0317210 -0.0090832 -0.0171107 -0.0922333
0.9889669 0.9969698 0.9710653 0.9606286 0.9975355 0.9994202 1.0506539 1.6049122 -0.0462324 0.4478811 0.4467301 0.4444908 0.1528710 0.4443069 0.5148271 -0.0970720 0.7553641 0.2462704 -0.0852063 -0.0898424 -0.0963418 -0.0950271 -0.0868895 -0.0787470 -0.0159846 -0.0481380 -0.0970369 -0.0786310 -0.0331290 -0.0899504 -0.0942465 -0.0664537 -0.0857851 -0.0806771 -0.0620628 -0.0978719 -0.0967918 -0.0151245 -0.1024588 -0.0639320 -0.0651862 -0.0798905 -0.0753279 -0.0792644 -0.0735499 -0.0555589 -0.0481038 -0.0755570 -0.0860460 -0.0538237 -0.0536514 -0.1058120 -0.0463226 -0.0713065 -0.0802856 -0.0818644 -0.0930001 -0.0824783 -0.0709348 -0.0976896 -0.0893423 -0.0892888 -0.0873396 -0.0335070 -0.0738975 -0.0487520 -0.0836914 -0.1022472 -0.0782603 -0.0853075 -0.0551839 -0.0686701 -0.1043191 -0.0846528 -0.0727897 -0.0747348 -0.0708772 -0.0685581 -0.0587632 -0.0564216 -0.0688041 0.1768643 -0.0357766 -0.0239822 0.0114811 0.0203544 -0.0927681 -0.0828146 -0.0990702 0.0449289 -0.0930391 -0.0410914 -0.0950423 -0.0768219 -0.0857800 -0.0692310 -0.0625696 -0.0799596 -0.0971790 -0.0905170 -0.0424282 -0.1038355 -0.0763488 -0.0742477 -0.0900465 -0.0869867 -0.0722054 -0.1070103 -0.1058801 -0.0996541 -0.0870240 -0.1050287 -0.0994603 -0.0918343 -0.0774899 -0.0602699 -0.0940322 -0.0974468 -0.0759423 -0.0801106 -0.0911517 -0.0992890 -0.0651551 -0.0552531 -0.0911264 -0.1024891 -0.0778565 -0.0788614 -0.0740925 -0.0669076 -0.0877743 -0.0471671 -0.0952674 -0.0960082 -0.0756212 -0.0994399 -0.0808599 -0.0922657 -0.0880844 -0.0990855 0.0397204 0.0110691 -0.0032078 0.0080764 0.9258891 -0.0098454 -0.0381544 -0.0077098 0.0010946 0.1019410 0.0405501 -0.0076746 0.1819245 -0.0161603 -0.0142894 0.0092452 -0.0211581 0.0138864 0.1066056 0.0310282 -0.0147028 0.0341208 -0.0065603 -0.0140995 -0.0895246
-0.0464961 -0.0465956 -0.0478642 -0.0480311 -0.0474860 -0.0483551 -0.0494463 -0.0462324 1.0588965 -0.0925431 -0.0929341 -0.0909175 -0.0899778 -0.0762800 -0.0294660 0.1200022 -0.0421482 -0.0864470 -0.1094422 -0.1105805 -0.1149148 0.1326689 -0.0969013 -0.0937004 -0.0698793 -0.0950222 -0.1162877 -0.1044112 -0.0712732 -0.1021758 -0.0997648 -0.0899582 -0.0975253 -0.1045097 -0.0764069 -0.1323343 -0.1261581 -0.0675316 -0.1240390 -0.0853671 -0.0760434 -0.0972023 -0.0866861 -0.0931649 -0.1095100 -0.0908593 -0.0781165 -0.0980824 0.0765767 0.1082582 0.0985710 0.1580262 0.1039130 0.0634086 0.1352317 0.0457130 -0.1217967 -0.1151298 -0.0910528 -0.1065648 -0.0930622 -0.1031024 -0.0919398 -0.0650668 -0.0909600 -0.0630568 0.0029910 -0.0989832 -0.0992308 -0.1092281 -0.0701117 -0.0917387 -0.1159978 -0.1076753 -0.0052638 -0.0853499 -0.0827147 -0.1071182 -0.0803733 -0.0666499 -0.0961931 -0.0072706 -0.0051487 0.0637889 0.0080588 -0.0104225 0.0473113 0.0595006 0.0725408 0.0271442 0.1324912 0.0755333 0.1201734 0.0992731 0.0833586 0.1112441 0.0811860 0.0165540 0.0452257 0.0711484 0.0596363 0.0805460 0.0966375 0.0366509 0.0508511 0.0504240 0.0420845 0.0670320 0.0665068 0.0582107 0.0930794 0.0885903 0.0729034 0.0439539 0.0811498 0.0564649 0.0990973 0.0774451 0.0864173 0.0804221 0.0753536 0.0661821 0.0676037 0.0545360 0.1378730 0.0863804 0.0657244 0.0870536 0.0801723 0.1056108 0.1362480 0.0781040 0.0867384 0.1011051 0.0666930 0.1318040 0.0513927 0.0868741 0.0539116 0.0647680 0.0088539 0.0014562 0.0394294 0.0526057 -0.0441857 0.0476275 0.0655604 0.0411725 0.0598989 -0.0050508 -0.0014131 -0.0683851 -0.0609816 -0.0646557 -0.0640092 -0.0650100 -0.0659620 -0.0642867 -0.0639323 -0.0645829 -0.0680165 -0.0599956 -0.0609488 -0.0641926 -0.0966320
0.4492588 0.4567556 0.4611367 0.4613920 0.4572859 0.4543629 0.4528394 0.4478811 -0.0925431 1.1084684 0.5313396 0.5522380 0.1243762 0.2053944 0.2299052 -0.1192776 0.3444038 0.1041980 0.1165022 0.1051339 0.1121577 -0.1168619 0.0725896 0.1015313 -0.0781838 0.0903908 0.0737342 0.0564357 -0.0853050 0.0111272 -0.0285062 0.0974708 -0.0126067 -0.0208528 0.0378995 0.2913136 0.2383441 -0.0742787 0.1565988 0.0619580 0.0341251 -0.0038978 0.0326689 0.0759707 0.1110688 0.0310763 0.0642819 0.0334897 -0.1156567 -0.0993962 -0.0900614 -0.1301676 -0.0867524 -0.0986395 -0.1142234 -0.1170184 0.1746936 0.1805025 0.0455664 0.1302520 0.0441430 0.0972754 0.0554845 0.0231955 0.0370759 0.0075696 0.0153678 0.0850569 0.0914392 0.1221718 0.0459683 0.0784703 0.0797633 0.0224027 -0.0328475 0.0374174 0.0465850 0.0292524 0.0493579 0.0987450 0.0948871 0.0619768 -0.0255164 -0.0655932 -0.0060924 -0.0145279 -0.1149252 -0.1164211 -0.1173543 -0.0172903 -0.1161567 -0.0856561 -0.1150145 -0.1078040 -0.1237481 -0.1007611 -0.0959921 -0.1111487 -0.1262629 -0.1227258 -0.0867156 -0.1207809 -0.1162334 -0.1052675 -0.1119084 -0.1206498 -0.1149394 -0.1386432 -0.1377564 -0.1209010 -0.1171548 -0.1271181 -0.1237496 -0.1165754 -0.1075294 -0.0985554 -0.1230077 -0.1272197 -0.1010985 -0.1118518 -0.1226994 -0.1269787 -0.0990709 -0.0835390 -0.1189312 -0.1191967 -0.1086997 -0.1082689 -0.1071834 -0.1108161 -0.1072669 -0.0924837 -0.1202354 -0.1145921 -0.1117905 -0.1364067 -0.1195651 -0.1159300 -0.1093529 -0.1256592 -0.0073390 -0.0229066 -0.0588765 -0.0528236 0.4269731 -0.0669457 -0.0870952 -0.0513625 -0.0666827 0.0196057 -0.0044811 -0.0689770 0.0322463 -0.0728991 -0.0740377 -0.0603640 -0.0769662 -0.0592418 -0.0092322 -0.0469242 -0.0744920 -0.0472262 -0.0698587 -0.0738517 -0.0109659
0.4466754 0.4557639 0.4600123 0.4601428 0.4561818 0.4535328 0.4484302 0.4467301 -0.0929341 0.5313396 1.0998518 0.5365325 0.1233373 0.2121193 0.2288068 -0.1159916 0.3447529 0.1213570 0.1116249 0.0974606 0.1127728 -0.1174791 0.0682354 0.0947677 -0.0783372 0.0757291 0.0842171 0.0591877 -0.0868532 0.0255246 -0.0142710 0.1081876 -0.0035400 -0.0009132 0.0463335 0.3049829 0.2102985 -0.0749143 0.1377562 0.0702939 0.0399995 0.0071745 0.0251539 0.0611215 0.1208363 0.0306795 0.0719760 0.0379009 -0.1092869 -0.0994845 -0.0887914 -0.1284337 -0.0826289 -0.0955991 -0.1162417 -0.1131025 0.1581182 0.1705885 0.0412053 0.1150271 0.0380832 0.0987185 0.0549727 0.0215367 0.0358788 0.0001830 0.0128387 0.0775847 0.0731300 0.0881080 0.0367863 0.0827397 0.0812038 0.0233601 -0.0326196 0.0378847 0.0479492 0.0341612 0.0448774 0.0948159 0.0924782 0.0612973 -0.0270509 -0.0663984 -0.0033474 -0.0129792 -0.1111085 -0.1173877 -0.1152361 -0.0158879 -0.1165890 -0.0861367 -0.1080672 -0.1092500 -0.1209805 -0.0999992 -0.0999567 -0.1070809 -0.1277309 -0.1174222 -0.0876138 -0.1243292 -0.1131504 -0.1043257 -0.1135951 -0.1204004 -0.1155923 -0.1326001 -0.1322137 -0.1184656 -0.1182536 -0.1258265 -0.1237235 -0.1181106 -0.1080670 -0.0970501 -0.1254438 -0.1247877 -0.1063211 -0.1082788 -0.1220708 -0.1211566 -0.0960553 -0.0871025 -0.1163960 -0.1176284 -0.1080067 -0.1095253 -0.1060092 -0.1087784 -0.1055246 -0.0923790 -0.1179292 -0.1148639 -0.1076154 -0.1319789 -0.1148381 -0.1182648 -0.1069716 -0.1245763 -0.0051257 -0.0176814 -0.0604946 -0.0525569 0.4317755 -0.0638552 -0.0870706 -0.0540744 -0.0652854 0.0211366 -0.0019406 -0.0710693 0.0310609 -0.0741113 -0.0749767 -0.0610607 -0.0789075 -0.0591547 -0.0090555 -0.0483979 -0.0752555 -0.0482606 -0.0691263 -0.0760216 -0.0094836
0.4444163 0.4553132 0.4602623 0.4599759 0.4559807 0.4515867 0.4476097 0.4444908 -0.0909175 0.5522380 0.5365325 1.0918438 0.1231291 0.2069333 0.2272414 -0.1126390 0.3429806 0.1017197 0.1024317 0.1002597 0.0982343 -0.1126952 0.0719794 0.0940313 -0.0786581 0.0921457 0.0689674 0.0524235 -0.0860572 0.0020005 -0.0303091 0.0927386 -0.0100241 -0.0023884 0.0359614 0.2626243 0.2103028 -0.0744092 0.1303824 0.0506134 0.0466502 0.0104377 0.0393585 0.0793888 0.1027561 0.0344236 0.0540474 0.0309064 -0.1070444 -0.0967150 -0.0850699 -0.1250152 -0.0797771 -0.0900416 -0.1087621 -0.1128111 0.1404888 0.1514576 0.0411633 0.1086002 0.0307586 0.0916706 0.0554232 0.0227263 0.0329361 0.0049275 0.0114607 0.0745996 0.0752067 0.0921319 0.0431890 0.0923326 0.0716906 0.0228709 -0.0303765 0.0358847 0.0432992 0.0216174 0.0365279 0.0906929 0.0872856 0.0646013 -0.0285260 -0.0633909 -0.0035822 -0.0096407 -0.1099719 -0.1130340 -0.1139780 -0.0140724 -0.1115916 -0.0823746 -0.1075448 -0.1039342 -0.1174849 -0.0956046 -0.0911949 -0.1048363 -0.1198992 -0.1166961 -0.0842633 -0.1144934 -0.1136776 -0.1016097 -0.1060369 -0.1167014 -0.1093248 -0.1313471 -0.1305517 -0.1178149 -0.1171922 -0.1254567 -0.1193601 -0.1113278 -0.1045809 -0.0957211 -0.1207689 -0.1197805 -0.0962821 -0.1058804 -0.1212182 -0.1179552 -0.0958353 -0.0801930 -0.1117226 -0.1164151 -0.1026697 -0.1052845 -0.1034905 -0.1034012 -0.1031942 -0.0887370 -0.1161540 -0.1127181 -0.1052603 -0.1295065 -0.1154710 -0.1146963 -0.1070933 -0.1203342 -0.0049287 -0.0193195 -0.0569677 -0.0501667 0.4270678 -0.0611182 -0.0843959 -0.0491835 -0.0611571 0.0209476 0.0021180 -0.0695181 0.0289432 -0.0737078 -0.0737054 -0.0598955 -0.0774065 -0.0590774 -0.0111632 -0.0469354 -0.0743032 -0.0467545 -0.0684434 -0.0735821 -0.0238086
0.1535370 0.1554464 0.1558720 0.1555704 0.1562420 0.1560500 0.1540779 0.1528710 -0.0899778 0.1243762 0.1233373 0.1231291 1.0634938 0.1692403 0.0885866 -0.1151818 0.1301469 0.1703779 0.0959136 0.1004506 0.1171210 -0.1183403 0.0672575 0.0748493 -0.0905739 0.0841702 0.1629144 0.1064651 -0.0920839 0.1761652 0.1345327 0.0811219 0.1912327 0.1536233 0.0546417 0.1416531 0.1328721 -0.0877824 0.1249083 0.0763734 0.0897749 0.1236932 0.0950871 0.0883780 0.1271450 0.0362179 0.0894981 0.1322597 -0.1063496 -0.0810508 -0.0806418 -0.1231160 -0.0778266 -0.0828005 -0.1038341 -0.1184719 0.1399147 0.1139888 0.0791067 0.0928977 0.1279484 0.1276713 0.1559313 0.0721850 0.1400852 0.0762272 -0.0053287 0.1550855 0.0890335 0.1130053 0.1020717 0.1100100 0.1985319 0.2123685 0.0729084 0.0584613 0.1214653 0.1219577 0.1225467 0.0822046 0.1171585 0.0191482 0.0395868 -0.0488153 0.0030302 0.0107560 -0.1088743 -0.1165331 -0.1050488 -0.0312736 -0.1175264 -0.0685639 -0.1060171 -0.1163774 -0.1135769 -0.0935120 -0.0893728 -0.1098637 -0.1174245 -0.1111630 -0.0880509 -0.1255298 -0.1095542 -0.0910385 -0.1204440 -0.1224024 -0.1077239 -0.1203466 -0.1198481 -0.1131135 -0.1244811 -0.1255116 -0.1226003 -0.1077681 -0.0987358 -0.0886027 -0.1070834 -0.1136515 -0.0805118 -0.0967933 -0.1144184 -0.1152549 -0.0894691 -0.0775209 -0.1007044 -0.1094477 -0.0927311 -0.1012518 -0.0924868 -0.0982125 -0.0989813 -0.0716283 -0.1177036 -0.1220711 -0.1043556 -0.1169361 -0.1053025 -0.1159770 -0.0978713 -0.1237294 0.0157183 -0.0042758 -0.0446000 -0.0422787 0.1600144 -0.0465554 -0.0579408 -0.0496956 -0.0473094 0.0049999 0.0212076 -0.0866691 -0.0456989 -0.0834743 -0.0843944 -0.0755080 -0.0882993 -0.0780307 -0.0596959 -0.0724908 -0.0846637 -0.0703395 -0.0803941 -0.0860678 0.1463456
0.4462799 0.4504611 0.4511936 0.4484798 0.4534718 0.4491008 0.4468687 0.4443069 -0.0762800 0.2053944 0.2121193 0.2069333 0.1692403 1.1075561 0.2407126 -0.1162842 0.3576352 0.4757008 0.0387626 0.0100674 0.0020318 -0.1248958 0.0242042 -0.0114184 -0.0591066 0.0715435 0.0233902 0.0779889 -0.0694650 0.1804781 0.2433044 0.0182983 0.1801001 0.1738451 0.0107144 -0.0083940 -0.0441420 -0.0571244 0.0156225 0.0229115 0.0076269 0.0879327 0.0635658 0.0102092 0.0421801 -0.0409799 0.0152866 0.0851055 -0.1041936 -0.0704932 -0.0783435 -0.1323619 -0.0640499 -0.0910777 -0.1042192 -0.1014334 0.0033257 0.0071586 0.0275725 -0.0188154 0.0440949 0.0483550 0.0350315 0.0312846 0.0723420 0.0275518 -0.0555771 0.0280630 0.0423419 0.0280865 0.0157462 0.0308794 0.0832603 0.1164265 0.0138313 -0.0339224 0.0399690 0.1163942 0.0291139 0.0023230 0.0437473 0.0861872 -0.0061409 -0.0329191 0.0057550 0.0110347 -0.0999658 -0.1064746 -0.1054528 0.0004623 -0.1239102 -0.0579564 -0.1150345 -0.1101088 -0.1077891 -0.0901666 -0.0713046 -0.0887412 -0.1088848 -0.1093869 -0.0797962 -0.1210116 -0.1000630 -0.0878459 -0.1049547 -0.1086239 -0.0904832 -0.1215726 -0.1206223 -0.1155118 -0.1215845 -0.1259852 -0.1204632 -0.1029174 -0.1002007 -0.0874143 -0.1099589 -0.1154762 -0.0886648 -0.0991334 -0.1069588 -0.1142993 -0.0909808 -0.0653665 -0.0960362 -0.1179585 -0.0988401 -0.0994665 -0.0963536 -0.0867247 -0.0973225 -0.0653216 -0.1163170 -0.1161592 -0.0957602 -0.1224243 -0.0977357 -0.1168642 -0.1060683 -0.1207810 0.0363170 0.0080525 -0.0181905 -0.0207397 0.4443275 -0.0298716 -0.0509488 -0.0276467 -0.0267091 0.0499920 0.0277637 -0.0558151 0.0440758 -0.0574179 -0.0574238 -0.0430492 -0.0605613 -0.0455665 0.0039459 -0.0334887 -0.0567984 -0.0308321 -0.0513714 -0.0569882 0.1455492
0.5171895 0.5249949 0.5313848 0.5297130 0.5285766 0.5212901 0.5175333 0.5148271 -0.0294660 0.2299052 0.2288068 0.2272414 0.0885866 0.2407126 1.1317533 -0.0576929 0.6487271 0.1316543 -0.0475891 -0.0450770 -0.0384968 -0.0565486 -0.0365819 -0.0287483 -0.0206869 -0.0081484 -0.0356593 -0.0243297 -0.0288450 -0.0317596 -0.0330789 -0.0271137 -0.0360936 -0.0310875 -0.0233236 -0.0516821 -0.0536513 -0.0208687 -0.0444422 -0.0199420 -0.0196330 -0.0260517 -0.0314580 -0.0334679 -0.0286999 -0.0345982 -0.0123016 -0.0300129 -0.0692575 -0.0273294 -0.0221641 -0.0792873 -0.0216303 -0.0484869 -0.0498892 -0.0858118 -0.0436734 -0.0342313 -0.0258017 -0.0496857 -0.0358050 -0.0449973 -0.0403589 -0.0011075 -0.0314297 -0.0115604 -0.0383707 -0.0461937 -0.0214794 -0.0294132 -0.0062379 -0.0282958 -0.0476646 -0.0319988 -0.0293567 -0.0388647 -0.0301717 -0.0283251 -0.0214613 -0.0193576 -0.0268483 0.1105417 0.0275898 -0.0034521 0.0686402 0.0432493 -0.0730590 -0.0728904 -0.0731013 0.0314151 -0.0552803 -0.0200987 -0.0602403 -0.0715355 -0.0657660 -0.0366689 -0.0470001 -0.0697950 -0.0778542 -0.0754708 -0.0364345 -0.0910119 -0.0672073 -0.0599893 -0.0728009 -0.0876359 -0.0736854 -0.0957650 -0.0950489 -0.0866531 -0.0804816 -0.0874359 -0.0844895 -0.0769327 -0.0481993 -0.0459229 -0.0755212 -0.0785785 -0.0426599 -0.0614852 -0.0747453 -0.0772805 -0.0536274 -0.0332763 -0.0618280 -0.0652206 -0.0630703 -0.0602724 -0.0508159 -0.0472619 -0.0487663 -0.0320837 -0.0794089 -0.0827176 -0.0598400 -0.0769189 -0.0700760 -0.0721805 -0.0636259 -0.0859013 0.0391637 0.0383937 0.0194681 0.0115692 0.4949929 -0.0009875 -0.0119296 0.0020732 0.0119504 0.0710618 0.0415010 -0.0137017 0.0881820 -0.0179165 -0.0159768 -0.0037518 -0.0215047 -0.0023978 0.0466525 0.0068295 -0.0178651 0.0096585 -0.0104697 -0.0151732 -0.0323912
-0.0980374 -0.0980482 -0.0992504 -0.0988645 -0.0989262 -0.0986349 -0.0989246 -0.0970720 0.1200022 -0.1192776 -0.1159916 -0.1126390 -0.1151818 -0.1162842 -0.0576929 1.0627364 -0.0759212 -0.1221442 -0.1228212 -0.1140136 -0.1254448 0.2017696 -0.1138862 -0.1015292 -0.0975277 -0.1149608 -0.1188716 -0.1216527 -0.0959479 -0.1274197 -0.1318614 -0.1052186 -0.1298652 -0.1235887 -0.0892126 -0.1343530 -0.1319127 -0.0973233 -0.1393715 -0.0977429 -0.0911768 -0.1085315 -0.1072163 -0.1012293 -0.1205191 -0.1090228 -0.0895968 -0.1172073 0.0698332 0.1425610 0.1378169 0.1580707 0.1083264 0.1074722 0.1576479 0.0480798 -0.1363240 -0.1259538 -0.1009293 -0.1191094 -0.1045347 -0.1210933 -0.1098259 -0.0722229 -0.1072428 -0.0807510 0.3250994 -0.1164098 -0.1143618 -0.1191181 -0.0753355 -0.1022615 -0.1362261 -0.1318636 -0.0364727 -0.0931608 -0.0983225 -0.1261130 -0.0879779 -0.0660590 -0.1084144 -0.0264872 0.0076340 0.0513348 -0.0098672 -0.0206374 0.0753959 0.0750900 0.0755430 0.0276526 0.2015031 0.0993232 0.2274487 0.1097990 0.0969637 0.1522722 0.0836943 0.0273527 0.0565850 0.0817066 0.0841147 0.0980349 0.1225003 0.0803830 0.0672109 0.0564189 0.0522298 0.0550461 0.0550042 0.0443117 0.0992237 0.1138122 0.0880639 0.0602879 0.1172176 0.0913971 0.1123821 0.1342017 0.0789801 0.1059734 0.1105784 0.0912972 0.0816085 0.0438945 0.2015606 0.1110512 0.0846642 0.1094389 0.1154763 0.1137403 0.1817436 0.0876174 0.0969884 0.1152740 0.0702570 0.1691508 0.0453164 0.1081257 0.0642816 0.0805914 0.0100353 -0.0188804 0.0395139 0.0628889 -0.0915962 0.0484039 0.0680932 0.0565575 0.0635392 -0.0187780 -0.0143908 -0.0940121 -0.0944536 -0.0912265 -0.0889902 -0.0907875 -0.0898609 -0.0903485 -0.0911714 -0.0900377 -0.0892753 -0.0903934 -0.0862183 -0.0889435 -0.1264774
0.7570385 0.7692356 0.7703447 0.7657412 0.7723709 0.7683641 0.7639589 0.7553641 -0.0421482 0.3444038 0.3447529 0.3429806 0.1301469 0.3576352 0.6487271 -0.0759212 1.3666637 0.2032145 -0.0714684 -0.0708703 -0.0655498 -0.0704033 -0.0649435 -0.0619929 -0.0230003 -0.0356245 -0.0717561 -0.0650497 -0.0320713 -0.0662853 -0.0681346 -0.0464886 -0.0636581 -0.0633532 -0.0432920 -0.0837051 -0.0826953 -0.0222441 -0.0736473 -0.0455011 -0.0403476 -0.0547968 -0.0550469 -0.0621230 -0.0643289 -0.0457918 -0.0318558 -0.0599802 -0.0781144 -0.0393075 -0.0368834 -0.0939242 -0.0330464 -0.0560666 -0.0612427 -0.0868789 -0.0743374 -0.0644293 -0.0513262 -0.0735188 -0.0727617 -0.0695120 -0.0662969 -0.0166668 -0.0585368 -0.0339271 -0.0655274 -0.0789647 -0.0542462 -0.0662108 -0.0398963 -0.0554403 -0.0825930 -0.0622569 -0.0561264 -0.0633874 -0.0551155 -0.0565855 -0.0390863 -0.0411613 -0.0523214 0.1474330 -0.0084922 -0.0147148 0.0345698 0.0300141 -0.0852135 -0.0801312 -0.0866356 0.0403538 -0.0686217 -0.0318004 -0.0796645 -0.0750303 -0.0796379 -0.0527870 -0.0555545 -0.0786135 -0.0891553 -0.0833007 -0.0416606 -0.0970414 -0.0731050 -0.0696487 -0.0834108 -0.0903650 -0.0734416 -0.1030996 -0.1018737 -0.0955315 -0.0840469 -0.0981625 -0.0942037 -0.0855652 -0.0602658 -0.0555346 -0.0839301 -0.0882955 -0.0616523 -0.0704849 -0.0806974 -0.0916494 -0.0588007 -0.0487676 -0.0778124 -0.0847775 -0.0706263 -0.0678854 -0.0596789 -0.0567590 -0.0660003 -0.0365856 -0.0917255 -0.0891866 -0.0678054 -0.0876347 -0.0769667 -0.0832048 -0.0785837 -0.0929746 0.0399004 0.0190736 0.0096390 0.0113281 0.7521060 -0.0037821 -0.0234557 -0.0039090 0.0061587 0.0883649 0.0390069 -0.0118365 0.1363527 -0.0193105 -0.0177643 0.0013468 -0.0230185 0.0053393 0.0778408 0.0166880 -0.0178423 0.0207432 -0.0101617 -0.0159815 -0.0674212
0.2468728 0.2506983 0.2560490 0.2555636 0.2533431 0.2490149 0.2439889 0.2462704 -0.0864470 0.1041980 0.1213570 0.1017197 0.1703779 0.4757008 0.1316543 -0.1221442 0.2032145 1.1908678 0.0923350 0.0330056 0.0363087 -0.1384046 0.0714485 0.0318678 -0.0750440 0.1378706 0.0669705 0.1363013 -0.0800058 0.2308467 0.3272132 0.0428993 0.2776833 0.2391260 0.0449520 0.0561416 -0.0136096 -0.0754469 0.0746447 0.0581023 0.0326364 0.1478831 0.1336322 0.0608721 0.0809866 -0.0260981 0.0318699 0.1636985 -0.1088138 -0.0831491 -0.0813457 -0.1352323 -0.0761996 -0.0949814 -0.1190696 -0.1154284 0.0509160 0.0407937 0.0704010 0.0043716 0.0908152 0.0743817 0.0513890 0.0622764 0.1120343 0.0795075 -0.0399951 0.0598169 0.0909805 0.0823915 0.0443701 0.0573049 0.1520172 0.1912842 0.0384273 -0.0310972 0.0618149 0.1655199 0.0698727 0.0260195 0.0850969 0.0462486 0.0143209 -0.0374312 0.0058546 0.0177451 -0.1027261 -0.1187344 -0.1034730 -0.0127620 -0.1377841 -0.0650470 -0.1132383 -0.1233874 -0.1139754 -0.0982766 -0.0737775 -0.0970972 -0.1115246 -0.1093641 -0.0846568 -0.1262286 -0.1078107 -0.0812295 -0.1103172 -0.1143164 -0.0993679 -0.1120794 -0.1113378 -0.1164141 -0.1347946 -0.1277318 -0.1281113 -0.1020888 -0.1063610 -0.0823498 -0.1084933 -0.1152867 -0.1005491 -0.1017505 -0.1157202 -0.1183631 -0.0960361 -0.0649683 -0.0907856 -0.1172753 -0.1021374 -0.1121587 -0.0982961 -0.0913545 -0.0933760 -0.0734482 -0.1261179 -0.1319895 -0.1059010 -0.1215468 -0.0925575 -0.1221678 -0.1065056 -0.1241532 0.0346599 0.0074818 -0.0252556 -0.0315425 0.2481101 -0.0308902 -0.0559296 -0.0368714 -0.0468715 0.0228177 0.0198066 -0.0731354 -0.0126781 -0.0733342 -0.0720432 -0.0632065 -0.0771529 -0.0634894 -0.0329474 -0.0556903 -0.0717351 -0.0587321 -0.0680679 -0.0716623 0.2564960
-0.0860868 -0.0858376 -0.0806965 -0.0784992 -0.0855943 -0.0875055 -0.0890073 -0.0852063 -0.1094422 0.1165022 0.1116249 0.1024317 0.0959136 0.0387626 -0.0475891 -0.1228212 -0.0714684 0.0923350 1.1086282 0.2425607 0.3047206 -0.1291985 0.2463448 0.1819550 -0.1105200 0.2488032 0.2377681 0.2237791 -0.1077260 0.1509172 0.1573519 0.2310386 0.1286945 0.1635420 0.1375781 0.3374448 0.3414069 -0.1077014 0.2884904 0.2051835 0.1659773 0.1563916 0.1928528 0.1542497 0.2121109 0.0734315 0.1068902 0.1400054 -0.1168631 -0.1046953 -0.0957695 -0.1340541 -0.0973835 -0.1049640 -0.1215722 -0.1323694 0.2503737 0.2252880 0.1919614 0.2608374 0.1225336 0.2162665 0.1809884 0.1014950 0.1843456 0.0840071 0.0195983 0.1577633 0.1587215 0.1974660 0.1121478 0.2005584 0.2127977 0.1575972 0.0504047 0.1213689 0.1299490 0.1846873 0.1291057 0.1657092 0.1995483 -0.0270731 0.0011933 -0.0618463 0.0008454 -0.0026790 -0.1139463 -0.1236295 -0.1104905 -0.0495895 -0.1286882 -0.0877632 -0.1115580 -0.1300338 -0.1256615 -0.1139358 -0.0974552 -0.1097306 -0.1240181 -0.1260385 -0.1114304 -0.1279947 -0.1334046 -0.1003750 -0.1187275 -0.1292571 -0.1208374 -0.1338606 -0.1335161 -0.1216650 -0.1386139 -0.1377678 -0.1321986 -0.1107585 -0.1200112 -0.1139986 -0.1266884 -0.1226816 -0.1003907 -0.1202526 -0.1306946 -0.1191186 -0.1155375 -0.0766363 -0.1094361 -0.1205086 -0.1260447 -0.1178062 -0.1186549 -0.1154704 -0.1036091 -0.0987413 -0.1319761 -0.1288212 -0.1141806 -0.1423745 -0.1150867 -0.1243083 -0.1116373 -0.1328179 -0.0085791 -0.0008155 -0.0625774 -0.0705360 -0.0837916 -0.0676687 -0.0813657 -0.0565990 -0.0787070 -0.0212439 -0.0068062 -0.1050804 -0.1015412 -0.1015402 -0.1024875 -0.1015877 -0.1020366 -0.1036151 -0.1011140 -0.0979148 -0.1006122 -0.1011224 -0.0984636 -0.1006914 0.1752404
-0.0914503 -0.0914470 -0.0878694 -0.0852973 -0.0923024 -0.0929357 -0.0923217 -0.0898424 -0.1105805 0.1051339 0.0974606 0.1002597 0.1004506 0.0100674 -0.0450770 -0.1140136 -0.0708703 0.0330056 0.2425607 1.1214913 0.2672707 -0.1209739 0.2141485 0.2185812 -0.1031897 0.1792257 0.2731101 0.1564083 -0.1028213 0.1034959 0.0907440 0.2402583 0.0950748 0.1362578 0.1280672 0.3082312 0.3287547 -0.1020955 0.2090430 0.2439520 0.1592750 0.1386288 0.1474460 0.1389987 0.2410295 0.0841497 0.1552804 0.1255049 -0.1134293 -0.0923759 -0.0930394 -0.1218088 -0.0876301 -0.1036074 -0.1165333 -0.1278669 0.2833551 0.2588332 0.2145225 0.3224891 0.1249176 0.2367192 0.1736235 0.1088050 0.1610343 0.0818545 0.0438849 0.1877872 0.1661900 0.1871951 0.1452667 0.1888356 0.2411197 0.1284016 0.0532460 0.1046442 0.1625541 0.1725199 0.1482881 0.1759502 0.1956080 -0.0198778 0.0132366 -0.0643311 0.0005699 0.0014979 -0.1179247 -0.1232646 -0.1133631 -0.0427187 -0.1210550 -0.0830122 -0.1106593 -0.1246865 -0.1215049 -0.1035149 -0.1043565 -0.1162024 -0.1268291 -0.1171006 -0.1063469 -0.1271453 -0.1216607 -0.0888357 -0.1225003 -0.1266992 -0.1271510 -0.1378972 -0.1379982 -0.1216857 -0.1327015 -0.1314875 -0.1306592 -0.1103764 -0.1084204 -0.1094594 -0.1157162 -0.1181324 -0.0902362 -0.1243392 -0.1290903 -0.1125631 -0.1142212 -0.0685458 -0.1098633 -0.1143567 -0.1235964 -0.1100558 -0.1131036 -0.1086542 -0.1022668 -0.0984171 -0.1262251 -0.1269006 -0.1083946 -0.1356650 -0.1240854 -0.1103631 -0.1038278 -0.1351607 -0.0135014 -0.0055799 -0.0614742 -0.0698890 -0.0893536 -0.0678857 -0.0743482 -0.0612115 -0.0770060 -0.0201052 -0.0027729 -0.0957962 -0.0967992 -0.0958541 -0.0937467 -0.0941983 -0.0974157 -0.0984670 -0.0954447 -0.0961265 -0.0947496 -0.0954989 -0.0919712 -0.0954827 0.0908883
-0.0962973 -0.0979446 -0.0932567 -0.0904917 -0.0969060 -0.0989629 -0.0996399 -0.0963418 -0.1149148 0.1121577 0.1127728 0.0982343 0.1171210 0.0020318 -0.0384968 -0.1254448 -0.0655498 0.0363087 0.3047206 0.2672707 1.1152432 -0.1247281 0.2046278 0.2455691 -0.1100532 0.2401819 0.3037975 0.1665052 -0.1083414 0.1487538 0.1130504 0.2382710 0.1094306 0.1556313 0.1548301 0.3246793 0.2991055 -0.1077562 0.3905241 0.2272432 0.2449496 0.1447539 0.1500817 0.1931885 0.2236914 0.0816957 0.1338311 0.1512126 -0.1213402 -0.1000449 -0.0987087 -0.1366589 -0.0986980 -0.1020180 -0.1200113 -0.1397195 0.2763385 0.2357463 0.2076075 0.3207029 0.1278461 0.2267150 0.1687995 0.1127830 0.1777711 0.1287788 0.0629056 0.1932973 0.1999864 0.2141717 0.1263661 0.1699549 0.1936117 0.1375699 0.0489050 0.1116806 0.1862339 0.1665528 0.1832418 0.1854397 0.2094178 -0.0318833 0.0150560 -0.0648219 0.0060776 0.0064972 -0.1237067 -0.1338009 -0.1207893 -0.0523499 -0.1247291 -0.0897394 -0.1177018 -0.1350363 -0.1317798 -0.1058868 -0.1106245 -0.1238808 -0.1400774 -0.1322393 -0.1102252 -0.1348197 -0.1386322 -0.1013609 -0.1262540 -0.1425105 -0.1350328 -0.1449856 -0.1450780 -0.1283419 -0.1467002 -0.1386722 -0.1382094 -0.1207355 -0.1169418 -0.1181886 -0.1274237 -0.1307399 -0.0996279 -0.1199142 -0.1317541 -0.1294022 -0.1185039 -0.0821338 -0.1151763 -0.1200427 -0.1296532 -0.1164583 -0.1228029 -0.1220695 -0.1082422 -0.1030527 -0.1383397 -0.1348118 -0.1291146 -0.1476785 -0.1263851 -0.1312205 -0.1154130 -0.1441765 -0.0132737 -0.0077843 -0.0631605 -0.0712205 -0.0941522 -0.0771364 -0.0838914 -0.0727990 -0.0818960 -0.0286702 0.0019667 -0.1050417 -0.1050921 -0.1019199 -0.1018422 -0.1008633 -0.1057079 -0.1042315 -0.1025208 -0.0988055 -0.1045734 -0.1027674 -0.0998687 -0.1038987 0.1417168
-0.0953597 -0.0945926 -0.0973319 -0.0970463 -0.0966677 -0.0946698 -0.0947987 -0.0950271 0.1326689 -0.1168619 -0.1174791 -0.1126952 -0.1183403 -0.1248958 -0.0565486 0.2017696 -0.0704033 -0.1384046 -0.1291985 -0.1209739 -0.1247281 1.0693887 -0.1209571 -0.1068375 -0.1124094 -0.1230313 -0.1276384 -0.1327217 -0.1120466 -0.1467591 -0.1466712 -0.1079816 -0.1458536 -0.1393218 -0.0938914 -0.1365689 -0.1332432 -0.1106435 -0.1459021 -0.1065957 -0.0926046 -0.1246122 -0.1236274 -0.1060550 -0.1216711 -0.1203829 -0.0948564 -0.1281848 0.0768958 0.1741133 0.1630533 0.2034778 0.1247651 0.0998604 0.3121783 0.0386165 -0.1353922 -0.1323119 -0.1089680 -0.1291436 -0.1165495 -0.1267435 -0.1195416 -0.0777356 -0.1168992 -0.0861278 0.0321495 -0.1208981 -0.1239528 -0.1306053 -0.0824711 -0.1022312 -0.1476616 -0.1482415 -0.0326347 -0.1044884 -0.1080272 -0.1412670 -0.0945654 -0.0679160 -0.1213725 -0.0263761 0.0101645 0.0616489 -0.0050062 -0.0192531 0.0615376 0.0920594 0.0572550 0.0210046 0.6993074 0.1031465 0.1905082 0.1110037 0.1202476 0.1893494 0.0599211 0.0539355 0.0658557 0.0660842 0.0884412 0.0979983 0.1097486 0.0569973 0.0729373 0.0563548 0.0453581 0.0626549 0.0613705 0.0476849 0.1224236 0.1063786 0.0743964 0.0619790 0.1286818 0.1006064 0.0897300 0.1170654 0.1116706 0.0997462 0.0859611 0.0887426 0.0626963 0.0313750 0.1541623 0.1331822 0.0957978 0.0995240 0.1272262 0.1199015 0.2057549 0.0958438 0.1013523 0.1138577 0.0871237 0.1536179 0.0509994 0.1184400 0.0522446 0.1009933 0.0157464 -0.0231161 0.0417738 0.0782929 -0.0885639 0.0533624 0.0758779 0.0435309 0.1146119 -0.0192104 -0.0120389 -0.1066665 -0.1033681 -0.1051759 -0.1017789 -0.1032023 -0.1024595 -0.1035615 -0.1040600 -0.0995273 -0.1050051 -0.0992759 -0.0981282 -0.1011179 -0.1392307
